5 0.130208 0.249219 0.056250 0.073438
0 0.189583 0.249219 0.058333 0.073438
0 0.251042 0.249219 0.056250 0.073438
2 0.310417 0.250000 0.054167 0.075000
8 0.364583 0.249219 0.058333 0.073438
9 0.426042 0.249219 0.056250 0.073438
8 0.480208 0.246875 0.056250 0.075000
2 0.539583 0.246875 0.062500 0.075000
1 0.590625 0.246875 0.043750 0.075000
5 0.142708 0.478125 0.056250 0.075000
0 0.203125 0.480469 0.056250 0.073438
0 0.263542 0.478125 0.056250 0.071875
2 0.322917 0.480469 0.058333 0.073438
8 0.379167 0.478125 0.054167 0.075000
9 0.438542 0.478125 0.060417 0.075000
8 0.494792 0.478125 0.056250 0.075000
2 0.554167 0.478125 0.058333 0.071875
1 0.600000 0.474219 0.050000 0.070312
5 0.153125 0.712500 0.056250 0.075000
0 0.209375 0.712500 0.056250 0.075000
0 0.268750 0.712500 0.062500 0.075000
2 0.331250 0.710938 0.062500 0.075000
8 0.388542 0.709375 0.056250 0.078125
9 0.443750 0.709375 0.062500 0.075000
8 0.503125 0.706250 0.056250 0.075000
2 0.566667 0.708594 0.062500 0.076563
1 0.614583 0.709375 0.050000 0.078125
5 0.147917 0.950000 0.062500 0.084375
0 0.209375 0.950000 0.056250 0.078125
0 0.269792 0.949219 0.056250 0.079687
2 0.331250 0.950000 0.062500 0.078125
8 0.384375 0.949219 0.056250 0.076563
9 0.447917 0.950000 0.058333 0.078125
8 0.502083 0.946875 0.062500 0.078125
2 0.564583 0.946875 0.062500 0.078125
1 0.618750 0.946875 0.050000 0.081250
10 0.360417 0.249219 0.512500 0.073438
10 0.370833 0.478125 0.512500 0.075000
10 0.382292 0.709375 0.518750 0.078125
10 0.378125 0.949219 0.531250 0.082812
