5 0.239583 0.051505 0.011285 0.035880
0 0.251845 0.052276 0.011068 0.035880
0 0.262912 0.052662 0.010634 0.034336
3 0.275174 0.052662 0.011285 0.034336
0 0.286784 0.053048 0.011502 0.035108
0 0.298720 0.052662 0.011502 0.034336
2 0.310764 0.053627 0.012153 0.035494
5 0.322266 0.053627 0.011719 0.035494
7 0.334201 0.053627 0.011719 0.037037
5 0.244141 0.244792 0.010851 0.035108
0 0.255859 0.244985 0.011285 0.033179
0 0.267253 0.244985 0.011068 0.033179
3 0.278754 0.245563 0.011068 0.034336
3 0.291450 0.245177 0.010851 0.034336
7 0.302517 0.246528 0.011719 0.036265
3 0.315864 0.246914 0.010200 0.034722
8 0.327148 0.246914 0.010200 0.033179
4 0.339952 0.246721 0.012370 0.033565
5 0.254991 0.427469 0.012153 0.033951
0 0.267470 0.428048 0.011068 0.032793
0 0.278754 0.428434 0.011068 0.032022
1 0.289714 0.428627 0.009115 0.033951
2 0.299805 0.428819 0.011502 0.034336
5 0.310438 0.428627 0.011502 0.033179
5 0.321832 0.428627 0.011719 0.033179
2 0.333008 0.428434 0.011502 0.032793
5 0.344293 0.428627 0.010634 0.031636
5 0.257378 0.596644 0.010417 0.029707
0 0.268338 0.597415 0.010200 0.030478
0 0.278971 0.597415 0.010200 0.028164
3 0.290365 0.598380 0.009983 0.030093
4 0.302517 0.598380 0.010851 0.030864
9 0.313694 0.598573 0.010634 0.029707
9 0.324870 0.598380 0.009983 0.030093
4 0.337023 0.599151 0.011285 0.032407
7 0.348199 0.598380 0.010634 0.031636
5 0.262912 0.742477 0.009332 0.025849
0 0.272569 0.742863 0.008681 0.025077
0 0.282444 0.742863 0.009332 0.025077
2 0.291884 0.742863 0.009983 0.026620
8 0.301215 0.742863 0.009115 0.025077
8 0.311089 0.743634 0.008898 0.026620
8 0.321181 0.743056 0.007812 0.025463
2 0.331272 0.744792 0.009332 0.025849
0 0.340495 0.744792 0.009115 0.025077
5 0.265082 0.834684 0.008898 0.027392
0 0.274523 0.834684 0.009115 0.025849
0 0.284180 0.835069 0.009332 0.026620
3 0.293403 0.834877 0.009115 0.027006
9 0.302300 0.835069 0.009549 0.027392
0 0.312609 0.836420 0.009766 0.027006
2 0.322049 0.836613 0.009115 0.027392
6 0.331163 0.836613 0.009549 0.026620
1 0.339952 0.836613 0.008030 0.027392
5 0.268338 0.932485 0.009766 0.026235
0 0.277995 0.932292 0.009549 0.025077
0 0.286892 0.932292 0.009115 0.024306
2 0.296332 0.932292 0.009766 0.025077
8 0.305773 0.933835 0.009549 0.025849
7 0.315104 0.933063 0.010851 0.028164
0 0.326497 0.933835 0.009766 0.027392
5 0.335938 0.933835 0.009983 0.025849
1 0.346246 0.934221 0.009766 0.027392
6 0.579753 0.206404 0.014974 0.045525
9 0.600477 0.207369 0.014757 0.044367
8 0.686849 0.208526 0.014323 0.043596
2 0.707791 0.209877 0.015408 0.045525
4 0.560981 0.408951 0.018229 0.049383
1 0.612739 0.407793 0.012804 0.047840
2 0.626953 0.408951 0.018229 0.048611
1 0.682834 0.409144 0.012370 0.046682
2 0.698134 0.410687 0.017361 0.045910
9 0.574761 0.563465 0.014106 0.038966
0 0.594727 0.565008 0.013238 0.037423
7 0.674371 0.566937 0.015408 0.039738
7 0.692817 0.567323 0.015408 0.040509
10 0.286892 0.053434 0.106337 0.038194
10 0.292426 0.246721 0.108290 0.038966
10 0.299371 0.427662 0.100911 0.035880
10 0.302734 0.598573 0.101562 0.032793
10 0.301649 0.744213 0.087674 0.029321
10 0.302300 0.836806 0.083767 0.030864
10 0.307292 0.934414 0.088108 0.030093
