5 0.110388 0.126302 0.024595 0.030816
0 0.134983 0.128038 0.024016 0.029948
0 0.159433 0.128906 0.026620 0.030816
3 0.185041 0.129774 0.024595 0.029948
0 0.208767 0.131293 0.024595 0.029948
0 0.233218 0.132270 0.026042 0.031033
2 0.257668 0.133789 0.025752 0.031901
5 0.282697 0.134006 0.026042 0.031467
7 0.308304 0.134766 0.026331 0.031250
5 0.107639 0.269748 0.024884 0.030816
0 0.132668 0.271267 0.024016 0.031250
0 0.155816 0.271918 0.024016 0.029948
3 0.181134 0.272786 0.023727 0.032118
0 0.204572 0.273655 0.025463 0.031684
0 0.230035 0.274197 0.024884 0.030165
2 0.255498 0.276042 0.026620 0.032118
5 0.279514 0.276693 0.023727 0.030816
7 0.305845 0.277452 0.026042 0.031901
5 0.107494 0.412543 0.024595 0.031684
0 0.131221 0.413845 0.022859 0.030816
0 0.155816 0.413845 0.022859 0.030382
3 0.180556 0.414931 0.024306 0.031250
0 0.205440 0.415799 0.024884 0.030816
0 0.229456 0.417101 0.025463 0.029948
2 0.254630 0.417426 0.025463 0.032335
5 0.278501 0.418403 0.024595 0.030382
7 0.302807 0.418294 0.024016 0.031467
5 0.106337 0.551649 0.022280 0.030382
0 0.130353 0.552626 0.023438 0.029731
0 0.154803 0.553168 0.025463 0.030382
3 0.179543 0.553168 0.024016 0.029948
0 0.202836 0.553385 0.022569 0.029514
0 0.226997 0.554036 0.022859 0.029080
2 0.251881 0.554253 0.024016 0.029514
5 0.275318 0.554470 0.022280 0.030382
7 0.300347 0.554905 0.025463 0.030382
5 0.107350 0.685547 0.020255 0.027778
0 0.130932 0.685764 0.022280 0.028212
0 0.154514 0.686306 0.021991 0.027995
3 0.178241 0.686089 0.020255 0.028429
0 0.201389 0.686740 0.021412 0.027995
0 0.225260 0.687391 0.020544 0.027561
2 0.249421 0.687609 0.023148 0.028429
5 0.272859 0.687609 0.021991 0.028429
7 0.296730 0.687826 0.024595 0.029731
5 0.109809 0.813477 0.023438 0.028429
0 0.130498 0.814128 0.021412 0.028863
0 0.154080 0.814670 0.022280 0.028212
3 0.177228 0.814345 0.022280 0.027561
0 0.199797 0.814562 0.022280 0.026259
0 0.223235 0.814887 0.023438 0.026910
2 0.247396 0.815213 0.023727 0.026693
5 0.269676 0.814779 0.022569 0.028429
7 0.292969 0.815647 0.024595 0.027995
5 0.113137 0.932400 0.021991 0.026259
0 0.135417 0.933160 0.023148 0.027344
0 0.156973 0.933919 0.022280 0.027127
3 0.179832 0.934896 0.024595 0.026476
0 0.201823 0.934462 0.022280 0.026910
0 0.224103 0.934679 0.024016 0.027344
2 0.247541 0.934679 0.022859 0.026910
5 0.269242 0.935113 0.022280 0.027344
7 0.291088 0.935113 0.023727 0.028212
1 0.816551 0.125760 0.027199 0.038845
0 0.841580 0.127279 0.028646 0.038845
1 0.813802 0.261827 0.022859 0.038845
0 0.836806 0.261827 0.027778 0.038845
1 0.804398 0.397569 0.021412 0.037326
0 0.826823 0.398655 0.025752 0.037326
1 0.793403 0.530056 0.022569 0.036675
0 0.815972 0.530273 0.027199 0.036241
1 0.784144 0.658203 0.021412 0.034722
0 0.806858 0.658746 0.026910 0.035807
1 0.772280 0.783095 0.020255 0.034939
0 0.794560 0.782878 0.027199 0.034939
1 0.760127 0.899306 0.019097 0.031250
0 0.781395 0.899306 0.025174 0.031250
1 0.961227 0.780490 0.021412 0.035373
1 0.944010 0.893880 0.020544 0.030816
4 0.966146 0.893663 0.027199 0.032552
10 0.210069 0.131727 0.223958 0.039062
10 0.206742 0.274197 0.224248 0.040148
10 0.205440 0.415799 0.220486 0.038194
10 0.204716 0.553711 0.219039 0.034505
10 0.202836 0.687283 0.212963 0.032986
10 0.201389 0.814996 0.210648 0.031467
10 0.202691 0.934570 0.202836 0.030165
