5 0.188272 0.036024 0.023920 0.022135
0 0.213735 0.036133 0.024691 0.021484
0 0.238040 0.036241 0.023920 0.020833
2 0.262153 0.036458 0.025849 0.020833
0 0.287230 0.036458 0.023534 0.020833
9 0.311535 0.036892 0.024306 0.021267
9 0.337191 0.036675 0.025463 0.020833
0 0.363040 0.036892 0.023920 0.020833
1 0.385995 0.037543 0.021991 0.021701
5 0.188272 0.106662 0.024691 0.021484
0 0.213735 0.106445 0.024691 0.021484
0 0.237269 0.106554 0.023920 0.021267
2 0.262346 0.106662 0.024691 0.021050
0 0.287616 0.106879 0.023534 0.020616
9 0.312886 0.106662 0.024691 0.021484
9 0.337577 0.107313 0.024691 0.021918
0 0.364198 0.107530 0.026235 0.021484
1 0.387539 0.107964 0.025077 0.021050
5 0.190201 0.177517 0.027006 0.022569
0 0.213927 0.177083 0.023534 0.022569
0 0.239198 0.177517 0.023148 0.021267
2 0.264275 0.177951 0.026235 0.021701
0 0.288387 0.178385 0.025077 0.020833
9 0.313079 0.178168 0.024306 0.021701
9 0.339506 0.178819 0.022377 0.020833
0 0.365934 0.178602 0.024306 0.021701
1 0.389660 0.179253 0.021605 0.022135
5 0.184414 0.249240 0.022377 0.022786
0 0.211034 0.250760 0.021605 0.022352
0 0.236497 0.250977 0.024691 0.021918
2 0.260610 0.251411 0.024306 0.021484
0 0.284529 0.251411 0.025077 0.021484
9 0.310957 0.252062 0.025463 0.021918
9 0.336420 0.252062 0.026235 0.022352
0 0.362269 0.252713 0.025463 0.023220
1 0.384838 0.253255 0.019676 0.021701
5 0.182292 0.322700 0.023534 0.023872
0 0.207948 0.323785 0.024691 0.022135
0 0.233218 0.324110 0.024306 0.022352
2 0.257716 0.324761 0.026235 0.022352
0 0.282215 0.325195 0.023534 0.021484
9 0.307485 0.325195 0.023148 0.021484
9 0.332562 0.325629 0.022377 0.021484
0 0.358218 0.325629 0.022762 0.022352
1 0.381366 0.325846 0.020448 0.023655
5 0.180363 0.395291 0.022762 0.021918
0 0.205440 0.395399 0.021991 0.021701
0 0.230903 0.396050 0.023534 0.021701
2 0.254823 0.396918 0.023534 0.022135
0 0.279321 0.397352 0.022377 0.021701
9 0.305556 0.397569 0.023148 0.021267
9 0.330054 0.397352 0.022762 0.021267
0 0.356096 0.397569 0.024691 0.022135
1 0.379244 0.398438 0.020062 0.022135
5 0.180556 0.466905 0.023148 0.021918
0 0.206019 0.467122 0.023148 0.021050
0 0.230710 0.467339 0.021605 0.021050
2 0.255208 0.467990 0.023534 0.021050
0 0.279900 0.468424 0.021991 0.021484
9 0.304784 0.468424 0.021605 0.021050
9 0.329475 0.469076 0.023148 0.021484
0 0.355710 0.468859 0.023148 0.020616
1 0.377894 0.469727 0.020448 0.022786
5 0.184414 0.537977 0.021605 0.021701
0 0.209105 0.537977 0.022377 0.021701
0 0.233603 0.537977 0.021991 0.020399
2 0.257909 0.539062 0.024306 0.021701
0 0.283179 0.538845 0.022377 0.021267
9 0.308063 0.539062 0.022762 0.020833
9 0.332755 0.539714 0.022762 0.021267
0 0.358603 0.539714 0.023534 0.021701
1 0.381559 0.540148 0.020062 0.022135
5 0.187114 0.607964 0.022377 0.021484
0 0.211613 0.607964 0.021991 0.021484
0 0.236690 0.608615 0.022762 0.021050
2 0.260610 0.609266 0.023534 0.021484
0 0.284722 0.609266 0.024691 0.021918
9 0.309221 0.609049 0.023534 0.021918
9 0.333526 0.609266 0.023534 0.021918
0 0.360147 0.609484 0.025077 0.021484
1 0.382909 0.609918 0.022762 0.022352
5 0.190972 0.677951 0.022377 0.022569
0 0.215278 0.677951 0.021605 0.020833
0 0.239390 0.677951 0.022762 0.021267
2 0.263503 0.678602 0.023920 0.021267
0 0.287809 0.678819 0.022377 0.021267
9 0.313272 0.678819 0.023148 0.021701
9 0.337963 0.679688 0.022377 0.021267
0 0.363233 0.680122 0.024306 0.021701
1 0.387346 0.679905 0.023148 0.023003
5 0.195023 0.746528 0.022762 0.021267
0 0.219136 0.746636 0.023148 0.020616
0 0.243248 0.746853 0.023534 0.021050
2 0.267168 0.748155 0.024306 0.021484
0 0.291281 0.747938 0.023148 0.021050
9 0.315779 0.748155 0.022762 0.021484
9 0.340471 0.748155 0.022762 0.021484
0 0.366127 0.748806 0.023920 0.021484
1 0.389275 0.748806 0.022377 0.021918
5 0.198302 0.813260 0.021605 0.020182
0 0.222994 0.813694 0.021605 0.020182
0 0.246335 0.814128 0.022762 0.021050
2 0.270448 0.814562 0.023920 0.021484
0 0.293596 0.814779 0.022377 0.021050
9 0.318866 0.815647 0.022762 0.021484
9 0.342593 0.815430 0.021605 0.021484
0 0.368056 0.816298 0.023920 0.020616
1 0.391397 0.816189 0.023534 0.021267
5 0.202353 0.878689 0.022762 0.021267
0 0.226273 0.878689 0.022762 0.020399
0 0.249228 0.879232 0.023148 0.020616
2 0.273920 0.879774 0.022377 0.021701
0 0.297068 0.880425 0.023148 0.021267
9 0.321181 0.880425 0.022762 0.021701
9 0.344715 0.880859 0.025077 0.021267
0 0.370370 0.881510 0.023148 0.020833
1 0.392940 0.881944 0.021219 0.021267
5 0.206019 0.940213 0.023148 0.020182
0 0.229360 0.941189 0.023534 0.019531
0 0.252894 0.942274 0.021991 0.019965
2 0.276427 0.943142 0.025849 0.021267
0 0.300154 0.943576 0.024691 0.020833
9 0.323688 0.944010 0.024691 0.020833
9 0.346836 0.944010 0.023148 0.019965
0 0.371914 0.944227 0.023920 0.020833
1 0.395062 0.944878 0.022377 0.020833
10 0.287423 0.036784 0.224537 0.025391
10 0.288194 0.106771 0.226080 0.023872
10 0.288580 0.178494 0.224537 0.025825
10 0.283758 0.251194 0.223380 0.027995
10 0.281057 0.324327 0.221065 0.027561
10 0.280478 0.396267 0.222994 0.026476
10 0.278549 0.468641 0.219907 0.026693
10 0.282215 0.539280 0.219522 0.026042
10 0.284529 0.609266 0.221065 0.026259
10 0.289352 0.679036 0.221451 0.026476
10 0.291667 0.748155 0.218364 0.026259
10 0.294946 0.815321 0.218750 0.026476
10 0.297068 0.880317 0.213735 0.026259
10 0.300347 0.943359 0.211806 0.026910
