5 0.138600 0.141059 0.024884 0.030382
0 0.163484 0.142036 0.025463 0.028863
0 0.187500 0.143663 0.024884 0.030382
3 0.212529 0.145074 0.025752 0.031901
0 0.236400 0.146484 0.025463 0.031250
0 0.259983 0.147461 0.025752 0.030165
2 0.285590 0.148980 0.029514 0.030599
5 0.309896 0.149631 0.023727 0.031467
7 0.334635 0.150716 0.026331 0.031467
5 0.134983 0.282661 0.025174 0.030165
0 0.159144 0.283529 0.021412 0.029731
0 0.183015 0.284614 0.024016 0.030165
3 0.208189 0.285373 0.025174 0.030382
0 0.231192 0.286892 0.023148 0.029514
0 0.256366 0.287977 0.024306 0.029080
2 0.281829 0.289388 0.025463 0.030599
5 0.305990 0.290473 0.024016 0.030165
7 0.330729 0.291233 0.025463 0.030816
5 0.131655 0.423177 0.025463 0.031684
0 0.155527 0.424588 0.023438 0.030599
0 0.180411 0.424479 0.024595 0.030382
3 0.205440 0.425781 0.025463 0.030816
0 0.229167 0.426975 0.024306 0.029731
0 0.253328 0.427626 0.023438 0.027995
2 0.278067 0.428168 0.024884 0.029948
5 0.302807 0.429688 0.023438 0.029514
7 0.327691 0.430773 0.024595 0.031684
5 0.129051 0.561198 0.023727 0.030816
0 0.153067 0.561306 0.021991 0.029731
0 0.177807 0.562609 0.022280 0.028863
3 0.202112 0.563043 0.024595 0.030165
0 0.225984 0.563043 0.023148 0.028863
0 0.250434 0.563911 0.023438 0.027995
2 0.274306 0.564345 0.023148 0.028429
5 0.297888 0.564236 0.023438 0.028646
7 0.322772 0.564670 0.024016 0.029948
5 0.128183 0.694119 0.021412 0.028863
0 0.153212 0.694878 0.021701 0.028646
0 0.176071 0.695095 0.021701 0.027778
3 0.200087 0.695312 0.021701 0.027344
0 0.222801 0.695964 0.023148 0.027344
0 0.246094 0.696181 0.024016 0.028212
2 0.270833 0.696832 0.024884 0.028646
5 0.293837 0.696832 0.021701 0.028212
7 0.318432 0.696832 0.024595 0.027778
5 0.127894 0.822157 0.023148 0.028863
0 0.151042 0.822483 0.022569 0.026910
0 0.173756 0.822808 0.024016 0.027995
3 0.196325 0.822808 0.022280 0.026259
0 0.218895 0.823351 0.023438 0.026476
0 0.242911 0.824219 0.024016 0.026476
2 0.266059 0.824110 0.024595 0.025825
5 0.288918 0.823568 0.022859 0.025608
7 0.313223 0.824219 0.026331 0.026910
5 0.131366 0.942708 0.020833 0.027344
0 0.153067 0.942491 0.024306 0.025608
0 0.174913 0.942925 0.022280 0.025608
3 0.197917 0.943359 0.021991 0.024740
0 0.219184 0.943793 0.023438 0.026910
0 0.242188 0.944444 0.023148 0.026476
2 0.264757 0.943793 0.024306 0.027344
5 0.286314 0.944010 0.021701 0.028212
7 0.309317 0.943793 0.025463 0.027778
1 0.837240 0.145182 0.025752 0.039497
0 0.860243 0.146701 0.028935 0.037326
1 0.833044 0.278537 0.021991 0.038411
0 0.855035 0.278971 0.026042 0.037977
1 0.822627 0.412326 0.023148 0.036458
0 0.844907 0.412543 0.027199 0.035156
1 0.812645 0.542426 0.022280 0.035807
0 0.834491 0.542969 0.026042 0.035156
1 0.803241 0.669271 0.022569 0.034722
0 0.823495 0.669488 0.023727 0.034722
1 0.789497 0.792426 0.022280 0.035807
0 0.811198 0.793186 0.027488 0.034288
1 0.777778 0.909397 0.020833 0.032335
0 0.797164 0.908746 0.025463 0.031033
1 0.960359 0.902995 0.020833 0.030382
10 0.237269 0.146376 0.222222 0.041450
10 0.233218 0.287326 0.221644 0.039497
10 0.230179 0.427083 0.221933 0.039497
10 0.225839 0.563260 0.217882 0.034505
10 0.224682 0.695855 0.213831 0.031901
10 0.221644 0.823351 0.210648 0.030382
10 0.221644 0.944227 0.202546 0.029514
