5 0.080440 0.167969 0.021991 0.028646
0 0.102575 0.169054 0.022280 0.027778
0 0.125723 0.170247 0.022280 0.027561
3 0.149740 0.171115 0.021701 0.028429
0 0.171441 0.172418 0.020544 0.027127
0 0.193866 0.173720 0.023148 0.028429
2 0.217303 0.175130 0.023727 0.029080
5 0.241175 0.175347 0.022859 0.027778
7 0.264612 0.176541 0.022280 0.030165
5 0.077836 0.301107 0.023148 0.028863
0 0.100984 0.302409 0.021991 0.027995
0 0.123409 0.302734 0.022859 0.027778
3 0.146701 0.303819 0.023727 0.029080
0 0.169850 0.304905 0.023727 0.028646
0 0.191985 0.305773 0.022280 0.029080
2 0.215278 0.306532 0.023727 0.029297
5 0.237992 0.307292 0.022280 0.029514
5 0.262153 0.308811 0.023148 0.030382
5 0.076100 0.433268 0.022569 0.030165
0 0.098814 0.434028 0.021701 0.028646
0 0.121238 0.434896 0.023727 0.028646
3 0.145110 0.435764 0.022280 0.028646
0 0.166956 0.436306 0.021412 0.029297
0 0.190683 0.436740 0.023148 0.027127
2 0.213397 0.438694 0.022280 0.028863
5 0.236256 0.438694 0.022859 0.028863
7 0.259404 0.439019 0.024016 0.028646
5 0.075087 0.563911 0.022859 0.028863
0 0.097512 0.564345 0.023148 0.027561
0 0.118779 0.564345 0.022280 0.027561
3 0.142506 0.564236 0.024595 0.027778
0 0.165220 0.565213 0.023727 0.026693
0 0.188079 0.565647 0.023148 0.027127
2 0.211372 0.565321 0.023438 0.027344
5 0.232928 0.565864 0.021412 0.027561
7 0.257668 0.566189 0.022859 0.027778
5 0.075087 0.688911 0.019965 0.028429
0 0.097946 0.689128 0.021123 0.027995
0 0.119647 0.689128 0.020544 0.026693
3 0.141059 0.689562 0.022280 0.026693
0 0.163484 0.689996 0.021412 0.025825
0 0.185909 0.690430 0.019965 0.025391
2 0.209491 0.690430 0.021991 0.027127
5 0.230469 0.689887 0.020544 0.026910
7 0.254485 0.690321 0.024595 0.027778
5 0.074508 0.809136 0.020544 0.026259
0 0.096644 0.809787 0.020833 0.026259
0 0.118490 0.809787 0.021701 0.025825
3 0.139757 0.810004 0.021412 0.025825
0 0.161169 0.810872 0.020833 0.026259
0 0.183594 0.811306 0.021123 0.024957
2 0.206019 0.811523 0.021412 0.027127
5 0.227865 0.810655 0.022280 0.026259
7 0.249421 0.810438 0.021991 0.026693
5 0.079572 0.923503 0.019676 0.024089
0 0.099392 0.924371 0.020544 0.023655
0 0.120515 0.924371 0.020544 0.024523
3 0.142072 0.925022 0.018519 0.024523
0 0.163484 0.925022 0.019676 0.024957
0 0.185330 0.925022 0.019965 0.024957
2 0.206308 0.924913 0.019676 0.026042
5 0.227286 0.924805 0.020544 0.025391
7 0.248264 0.924588 0.021412 0.024523
1 0.740017 0.168728 0.022280 0.037543
0 0.761429 0.170247 0.026331 0.034071
1 0.924624 0.184353 0.020544 0.035807
4 0.946904 0.185981 0.029803 0.033854
1 0.734375 0.294596 0.021412 0.037543
0 0.756076 0.295898 0.025463 0.035373
1 0.922020 0.306098 0.020544 0.034071
4 0.944155 0.308594 0.029514 0.034288
1 0.725550 0.421984 0.018808 0.035807
0 0.747975 0.421332 0.024884 0.034071
1 0.913194 0.427951 0.021412 0.033854
4 0.935041 0.429905 0.028067 0.032986
1 0.717593 0.543403 0.020833 0.033420
0 0.739439 0.543294 0.024595 0.033637
1 0.902778 0.548177 0.019676 0.033420
4 0.924624 0.549805 0.028646 0.033203
1 0.710938 0.662869 0.020255 0.032335
0 0.732205 0.662760 0.024595 0.032118
1 0.893374 0.666450 0.018808 0.032118
4 0.913050 0.665690 0.026331 0.031901
1 0.701823 0.779514 0.018808 0.031684
0 0.721933 0.779622 0.025463 0.031467
1 0.880208 0.778320 0.017361 0.031901
4 0.901186 0.778863 0.026331 0.031250
1 0.692130 0.890082 0.019676 0.029731
0 0.711806 0.890951 0.022569 0.030599
1 0.868345 0.886936 0.017361 0.029514
4 0.888600 0.886827 0.027199 0.031033
10 0.171875 0.173069 0.207176 0.039714
10 0.170573 0.305990 0.207465 0.038628
10 0.168403 0.436306 0.207176 0.035373
10 0.166667 0.565104 0.206019 0.031684
10 0.165654 0.689670 0.202257 0.030382
10 0.163050 0.810438 0.198206 0.029297
10 0.164497 0.924154 0.190683 0.026693
