5 0.340278 0.176312 0.053819 0.168981
0 0.393555 0.174576 0.055773 0.170139
0 0.447266 0.174961 0.055990 0.173225
3 0.500543 0.172261 0.053602 0.170139
7 0.555773 0.170525 0.058594 0.168981
7 0.614583 0.170525 0.057726 0.172840
8 0.669162 0.166860 0.052734 0.167824
2 0.723524 0.162809 0.056424 0.168981
5 0.777886 0.163002 0.053602 0.171682
5 0.350260 0.405093 0.052517 0.155864
0 0.401584 0.403742 0.052734 0.155478
0 0.451931 0.403164 0.050130 0.154321
3 0.503689 0.401042 0.051649 0.158565
7 0.557292 0.400849 0.053385 0.155864
7 0.612739 0.400077 0.054905 0.155093
8 0.665799 0.397377 0.052951 0.159722
2 0.719293 0.395448 0.053602 0.158951
5 0.771701 0.394483 0.052083 0.159336
5 0.357639 0.615741 0.048177 0.144290
0 0.408312 0.614005 0.048828 0.142361
0 0.456814 0.613040 0.046007 0.141975
3 0.506076 0.612076 0.049479 0.144676
7 0.557183 0.613426 0.050564 0.144290
7 0.611654 0.613426 0.052300 0.144290
8 0.663086 0.610147 0.048394 0.144676
2 0.714518 0.610918 0.051866 0.147762
5 0.765082 0.610147 0.048828 0.147762
5 0.364366 0.813465 0.047309 0.133873
0 0.412869 0.811150 0.046658 0.133102
0 0.461155 0.811150 0.046007 0.135417
3 0.508681 0.811150 0.045139 0.135417
7 0.557617 0.811150 0.048394 0.135417
7 0.610460 0.811343 0.048177 0.135031
8 0.661350 0.809992 0.045790 0.135417
2 0.709527 0.809414 0.048394 0.138117
5 0.758464 0.810185 0.046875 0.137346
10 0.559462 0.168596 0.499132 0.195216
10 0.560004 0.399306 0.478082 0.173611
10 0.561523 0.611883 0.458984 0.155093
10 0.562826 0.811150 0.443793 0.146219
