5 0.358398 0.182485 0.056207 0.174383
0 0.413411 0.180748 0.056858 0.173225
0 0.467773 0.180556 0.054036 0.172840
3 0.523003 0.178434 0.056424 0.176312
7 0.579753 0.175926 0.057943 0.172068
7 0.638129 0.174961 0.060547 0.173225
8 0.694878 0.172454 0.055556 0.174383
2 0.751411 0.171103 0.057509 0.173225
5 0.806641 0.169753 0.054688 0.172840
5 0.364583 0.418789 0.054253 0.165509
0 0.418294 0.418403 0.053602 0.163194
0 0.471029 0.416860 0.053602 0.163194
3 0.524306 0.414931 0.054253 0.163966
7 0.579102 0.413194 0.057509 0.165895
7 0.637044 0.411265 0.059245 0.165123
8 0.692708 0.409529 0.054688 0.164738
2 0.748372 0.408758 0.055773 0.166281
5 0.803168 0.408758 0.053385 0.167824
5 0.371202 0.643326 0.050998 0.161651
0 0.422635 0.641011 0.050998 0.157022
0 0.475043 0.640239 0.051215 0.157022
3 0.526693 0.637731 0.052083 0.161265
7 0.580621 0.639082 0.056207 0.159336
7 0.636610 0.637346 0.055773 0.157407
8 0.691949 0.637346 0.052300 0.157407
2 0.746094 0.636188 0.054688 0.157407
5 0.799154 0.635417 0.051432 0.158951
10 0.582899 0.173804 0.506510 0.196373
10 0.583767 0.410880 0.496094 0.185185
10 0.584635 0.640625 0.483073 0.174769
