5 0.177276 0.160265 0.059799 0.069227
0 0.244985 0.160807 0.066358 0.069010
0 0.316937 0.161675 0.065201 0.068576
3 0.385417 0.161024 0.070216 0.069878
1 0.447724 0.163411 0.051312 0.069444
9 0.512539 0.164497 0.069059 0.070312
6 0.587384 0.165365 0.067515 0.070747
7 0.661073 0.167752 0.070602 0.069878
2 0.731289 0.168511 0.070602 0.071398
5 0.177276 0.255859 0.065201 0.066406
0 0.246721 0.258247 0.064429 0.066840
0 0.317323 0.259115 0.062886 0.065972
3 0.385802 0.259549 0.063272 0.066840
1 0.447724 0.262370 0.046682 0.067708
9 0.510224 0.261827 0.066744 0.067925
6 0.582948 0.262695 0.064815 0.068793
7 0.654900 0.264214 0.069059 0.068359
2 0.724151 0.266168 0.067130 0.067925
5 0.186150 0.350694 0.064429 0.065104
0 0.252701 0.352648 0.064043 0.065104
0 0.321181 0.353190 0.062886 0.064019
3 0.389275 0.354818 0.064815 0.066406
1 0.448688 0.356228 0.050154 0.067491
9 0.508488 0.356120 0.067901 0.067274
6 0.581019 0.357530 0.066358 0.067057
7 0.651235 0.358181 0.068673 0.065755
2 0.719522 0.360135 0.069444 0.066623
5 0.192130 0.441298 0.062500 0.063151
0 0.254630 0.442057 0.065586 0.064236
0 0.325039 0.442925 0.062114 0.062934
3 0.391204 0.444010 0.065586 0.063368
1 0.449653 0.446398 0.050540 0.062934
9 0.508681 0.446615 0.065201 0.061632
6 0.578511 0.447157 0.064429 0.062717
7 0.647377 0.448676 0.067901 0.064453
2 0.711998 0.449544 0.067515 0.064453
5 0.194830 0.527127 0.069444 0.062500
0 0.260610 0.527995 0.066744 0.059462
0 0.327160 0.529297 0.063272 0.059462
3 0.395062 0.530165 0.065586 0.060764
1 0.450039 0.531576 0.051312 0.060981
9 0.506752 0.530490 0.062886 0.060113
6 0.576775 0.531901 0.065586 0.061198
7 0.641782 0.535048 0.065201 0.062283
2 0.707948 0.535156 0.065586 0.063368
5 0.199846 0.608181 0.064815 0.059679
0 0.262731 0.610352 0.061728 0.057943
0 0.329090 0.611111 0.061728 0.059462
3 0.393326 0.611545 0.061343 0.059896
1 0.448110 0.612956 0.047454 0.058811
9 0.504823 0.614041 0.064429 0.060547
6 0.573110 0.614149 0.065972 0.062934
7 0.638889 0.615885 0.064043 0.059896
2 0.703704 0.618056 0.065586 0.060764
5 0.204090 0.689562 0.060185 0.057509
0 0.265432 0.690647 0.061728 0.056641
0 0.328897 0.691515 0.060571 0.057075
3 0.391590 0.691189 0.059414 0.057292
1 0.449846 0.692708 0.048611 0.057292
9 0.503086 0.693359 0.061728 0.057726
6 0.569252 0.694661 0.062114 0.058594
7 0.633681 0.696181 0.065972 0.058160
2 0.696952 0.697700 0.063657 0.058594
5 0.207755 0.764214 0.064429 0.054036
0 0.268326 0.765082 0.059799 0.052734
0 0.330826 0.766819 0.058256 0.054036
3 0.393326 0.770074 0.062114 0.057943
1 0.447917 0.769314 0.046296 0.056424
9 0.500772 0.769965 0.061728 0.056858
6 0.567323 0.771701 0.063657 0.054688
7 0.631366 0.771918 0.063657 0.057292
2 0.693094 0.774523 0.065201 0.058160
5 0.211613 0.837457 0.059028 0.054688
0 0.271026 0.838759 0.059799 0.052083
0 0.332755 0.839301 0.055941 0.053168
3 0.393326 0.841363 0.062114 0.051649
1 0.445988 0.841471 0.050154 0.051866
9 0.498843 0.842990 0.057870 0.054036
6 0.563272 0.844944 0.064815 0.054470
7 0.625772 0.845812 0.062500 0.057509
2 0.688079 0.846680 0.064429 0.056641
5 0.215856 0.905273 0.057485 0.050998
0 0.272377 0.907878 0.057870 0.052300
0 0.331019 0.908529 0.058642 0.051432
3 0.391397 0.909831 0.062114 0.052300
1 0.441744 0.909939 0.049383 0.052083
9 0.494599 0.912109 0.062500 0.053385
6 0.556906 0.912109 0.064429 0.053385
7 0.617863 0.914497 0.062886 0.055990
2 0.678048 0.913628 0.062886 0.053385
5 0.172840 0.061740 0.063272 0.070095
0 0.240934 0.061740 0.067515 0.070095
0 0.315394 0.062826 0.068287 0.069661
3 0.386767 0.062609 0.068287 0.069661
1 0.449846 0.064562 0.050154 0.070530
9 0.514853 0.064779 0.069059 0.069661
6 0.590856 0.066081 0.067515 0.070095
7 0.665123 0.066406 0.073302 0.071181
2 0.739005 0.068576 0.073688 0.071181
5 0.219329 0.968750 0.056713 0.046875
0 0.275849 0.970486 0.055556 0.047309
0 0.334684 0.971897 0.054398 0.046658
3 0.391590 0.972548 0.057870 0.045790
1 0.443866 0.974284 0.039738 0.045790
9 0.492863 0.974609 0.053627 0.046875
6 0.553434 0.975369 0.056713 0.046658
7 0.613619 0.975586 0.058256 0.046224
2 0.668981 0.976237 0.058642 0.046224
10 0.456019 0.066298 0.638117 0.079644
10 0.456211 0.165473 0.623071 0.080078
10 0.450424 0.261610 0.616898 0.078342
10 0.454090 0.355903 0.600309 0.077257
10 0.453318 0.446181 0.587963 0.074653
10 0.453511 0.532878 0.577546 0.070964
10 0.454090 0.615451 0.568673 0.069878
10 0.452160 0.694878 0.557870 0.067708
10 0.451775 0.770182 0.547068 0.065972
10 0.451968 0.842448 0.534336 0.063368
10 0.447145 0.911133 0.524691 0.061415
10 0.445602 0.971897 0.510031 0.054905
