5 0.339084 0.373650 0.057509 0.177855
0 0.395616 0.377894 0.056424 0.171682
0 0.451931 0.381366 0.057075 0.176312
3 0.507161 0.378858 0.055556 0.176698
7 0.565647 0.381944 0.060113 0.179012
7 0.625543 0.383488 0.061415 0.176698
8 0.682834 0.383295 0.056641 0.174769
2 0.739909 0.381752 0.058811 0.175540
5 0.795898 0.381559 0.056641 0.173611
5 0.342339 0.613812 0.053602 0.166667
0 0.397786 0.615741 0.055122 0.170525
0 0.452365 0.616512 0.054036 0.170525
3 0.506944 0.615934 0.054253 0.168596
7 0.563260 0.618056 0.057943 0.170525
7 0.622938 0.620370 0.058811 0.170525
8 0.679036 0.621721 0.055556 0.169367
2 0.735135 0.621335 0.060113 0.171682
5 0.789714 0.621721 0.055122 0.168596
5 0.343207 0.849344 0.051866 0.164738
0 0.398655 0.849344 0.052517 0.164738
0 0.452148 0.855131 0.053168 0.174769
3 0.506510 0.851852 0.052951 0.167438
7 0.563694 0.854167 0.058377 0.167438
7 0.622070 0.854167 0.058377 0.167438
8 0.676866 0.856096 0.054688 0.163580
2 0.732096 0.853974 0.057943 0.167824
5 0.785807 0.856096 0.052951 0.164352
5 0.337023 0.125772 0.055990 0.179784
0 0.394206 0.130787 0.055773 0.182870
0 0.450629 0.131559 0.055339 0.177469
3 0.508464 0.129823 0.053819 0.181713
7 0.568359 0.130594 0.059028 0.178627
7 0.629340 0.131752 0.060764 0.180941
8 0.688911 0.133295 0.055339 0.180941
2 0.745443 0.133295 0.055122 0.180941
5 0.802951 0.133488 0.053385 0.177469
10 0.568793 0.131559 0.523438 0.195216
10 0.568793 0.377508 0.514757 0.188657
10 0.567274 0.619985 0.507812 0.188272
10 0.564779 0.853588 0.498481 0.181713
