8 0.499219 0.240625 0.064062 0.131250
5 0.443750 0.240625 0.062500 0.131250
5 0.056250 0.243750 0.065625 0.137500
0 0.115625 0.247917 0.065625 0.133333
1 0.340625 0.242708 0.050000 0.131250
8 0.387500 0.240625 0.062500 0.131250
0 0.174219 0.246875 0.067187 0.131250
9 0.290625 0.246875 0.065625 0.131250
0 0.232813 0.246875 0.065625 0.131250
8 0.485938 0.594792 0.062500 0.135417
8 0.376563 0.597917 0.062500 0.133333
9 0.280469 0.601042 0.064062 0.127083
1 0.330469 0.596875 0.054688 0.131250
0 0.224219 0.601042 0.064062 0.127083
0 0.109375 0.603125 0.062500 0.131250
0 0.165625 0.600000 0.062500 0.125000
5 0.049219 0.603125 0.060937 0.131250
5 0.431250 0.592708 0.062500 0.131250
10 0.276562 0.245833 0.518750 0.150000
10 0.267969 0.600000 0.504687 0.141667
