8 0.746875 0.240625 0.062500 0.131250
8 0.636719 0.242708 0.057813 0.131250
9 0.542969 0.247917 0.064062 0.129167
0 0.375000 0.251042 0.062500 0.127083
5 0.317969 0.246875 0.067187 0.131250
0 0.430469 0.246875 0.064062 0.131250
0 0.486719 0.245833 0.064062 0.125000
1 0.589844 0.242708 0.051562 0.131250
8 0.742188 0.593750 0.062500 0.125000
5 0.684375 0.592708 0.062500 0.131250
1 0.584375 0.597917 0.050000 0.129167
5 0.312500 0.598958 0.062500 0.131250
9 0.534375 0.597917 0.062500 0.125000
0 0.368750 0.600000 0.059375 0.125000
0 0.425000 0.601042 0.062500 0.127083
0 0.481250 0.600000 0.062500 0.125000
8 0.631250 0.594792 0.059375 0.127083
5 0.692969 0.244792 0.060937 0.127083
10 0.531250 0.248958 0.503125 0.147917
10 0.524219 0.596875 0.501563 0.135417
