5 0.306250 0.243750 0.062500 0.133333
0 0.364844 0.244792 0.064062 0.131250
0 0.421875 0.242708 0.062500 0.131250
0 0.478125 0.242708 0.062500 0.131250
9 0.537500 0.241667 0.065625 0.129167
1 0.585938 0.239583 0.050000 0.125000
8 0.634375 0.237500 0.065625 0.133333
5 0.689844 0.238542 0.064062 0.131250
8 0.746094 0.236458 0.067187 0.131250
5 0.293750 0.604167 0.056250 0.125000
0 0.352344 0.600000 0.060937 0.125000
0 0.408594 0.598958 0.060937 0.131250
0 0.465625 0.600000 0.062500 0.125000
9 0.521094 0.596875 0.060937 0.127083
1 0.571094 0.593750 0.051562 0.125000
8 0.617969 0.594792 0.060937 0.127083
5 0.671875 0.593750 0.062500 0.129167
8 0.728125 0.590625 0.062500 0.127083
10 0.526563 0.243750 0.509375 0.145833
10 0.511719 0.601042 0.501563 0.139583
