5 0.902344 0.237500 0.064062 0.125000
8 0.959375 0.240625 0.062500 0.131250
8 0.846875 0.239583 0.062500 0.125000
5 0.527344 0.246875 0.060937 0.131250
0 0.637500 0.247917 0.062500 0.129167
0 0.693750 0.247917 0.059375 0.120833
0 0.581250 0.250000 0.059375 0.125000
5 0.893750 0.589583 0.062500 0.125000
8 0.949219 0.591667 0.060937 0.125000
8 0.837500 0.591667 0.059375 0.125000
9 0.742969 0.593750 0.060937 0.125000
0 0.631250 0.595833 0.059375 0.125000
5 0.521094 0.600000 0.060937 0.125000
0 0.574219 0.600000 0.057813 0.125000
0 0.687500 0.597917 0.059375 0.120833
9 0.750000 0.242708 0.062500 0.131250
1 0.798438 0.243750 0.050000 0.125000
1 0.790625 0.593750 0.050000 0.125000
10 0.744531 0.242708 0.510938 0.139583
10 0.732812 0.598958 0.506250 0.139583
