0 0.104688 0.251042 0.065625 0.127083
5 0.042969 0.250000 0.064062 0.137500
8 0.486719 0.242708 0.064062 0.131250
1 0.327344 0.245833 0.051562 0.125000
8 0.374219 0.243750 0.060937 0.125000
9 0.278125 0.245833 0.065625 0.125000
0 0.162500 0.246875 0.065625 0.131250
0 0.221094 0.245833 0.067187 0.125000
8 0.481250 0.597917 0.065625 0.129167
8 0.368750 0.595833 0.062500 0.125000
1 0.324219 0.601042 0.054688 0.127083
9 0.273438 0.600000 0.062500 0.125000
0 0.100000 0.603125 0.062500 0.131250
0 0.159375 0.604167 0.062500 0.129167
0 0.214844 0.604167 0.060937 0.125000
5 0.042969 0.605208 0.064062 0.131250
5 0.431250 0.247917 0.062500 0.129167
5 0.425000 0.597917 0.062500 0.133333
10 0.261719 0.245833 0.520312 0.145833
10 0.259375 0.603125 0.515625 0.147917
