5 0.898438 0.232292 0.062500 0.135417
8 0.840625 0.230208 0.062500 0.131250
9 0.740625 0.234375 0.062500 0.131250
5 0.506250 0.240625 0.059375 0.131250
0 0.565625 0.236458 0.062500 0.131250
0 0.621094 0.237500 0.057813 0.125000
0 0.681250 0.238542 0.062500 0.131250
5 0.881250 0.592708 0.059375 0.131250
8 0.940625 0.594792 0.062500 0.127083
8 0.825000 0.597917 0.059375 0.129167
1 0.777344 0.595833 0.051562 0.125000
9 0.728125 0.596875 0.062500 0.131250
0 0.612500 0.598958 0.059375 0.131250
0 0.555469 0.604167 0.064062 0.125000
5 0.496875 0.607292 0.062500 0.127083
0 0.667969 0.601042 0.057813 0.127083
8 0.956250 0.227083 0.065625 0.137500
1 0.789844 0.231250 0.051562 0.137500
10 0.731250 0.235417 0.525000 0.145833
10 0.718750 0.603125 0.521875 0.143750
