0 0.771875 0.275000 0.046875 0.100000
0 0.725000 0.275000 0.046875 0.100000
8 0.681250 0.279167 0.046875 0.100000
2 0.635938 0.282292 0.050000 0.106250
1 0.596875 0.281250 0.037500 0.104167
1 0.565625 0.284375 0.040625 0.102083
0 0.524219 0.288542 0.045312 0.102083
0 0.478125 0.290625 0.043750 0.106250
5 0.434375 0.291667 0.046875 0.104167
0 0.781250 0.590625 0.050000 0.102083
0 0.735938 0.593750 0.050000 0.104167
8 0.689063 0.596875 0.050000 0.106250
2 0.643750 0.598958 0.050000 0.106250
1 0.605469 0.600000 0.039062 0.104167
1 0.571875 0.603125 0.040625 0.097917
0 0.531250 0.603125 0.050000 0.102083
0 0.484375 0.605208 0.050000 0.106250
5 0.439844 0.605208 0.051562 0.106250
0 0.793750 0.922917 0.046875 0.104167
0 0.746094 0.925000 0.048438 0.108333
8 0.700000 0.926042 0.046875 0.106250
2 0.652344 0.928125 0.051562 0.106250
5 0.443750 0.932292 0.046875 0.106250
0 0.492188 0.931250 0.050000 0.108333
0 0.537500 0.930208 0.050000 0.106250
1 0.612500 0.929167 0.043750 0.108333
1 0.579688 0.927083 0.040625 0.112500
10 0.603125 0.286458 0.390625 0.131250
10 0.610156 0.600000 0.398438 0.129167
10 0.620313 0.928125 0.403125 0.122917
