8 0.827344 0.288542 0.045312 0.097917
0 0.917188 0.284375 0.043750 0.097917
5 0.581250 0.288542 0.043750 0.102083
0 0.871875 0.284375 0.043750 0.097917
0 0.626563 0.287500 0.046875 0.104167
0 0.671094 0.286458 0.045312 0.097917
2 0.781250 0.287500 0.043750 0.104167
1 0.712500 0.287500 0.040625 0.104167
1 0.742969 0.289583 0.039062 0.100000
5 0.580469 0.602083 0.048438 0.100000
0 0.921094 0.600000 0.045312 0.104167
0 0.625000 0.602083 0.050000 0.100000
0 0.671875 0.602083 0.046875 0.100000
8 0.829688 0.603125 0.050000 0.106250
0 0.875000 0.600000 0.043750 0.100000
1 0.743750 0.600000 0.037500 0.104167
2 0.783594 0.603125 0.048438 0.106250
1 0.711719 0.600000 0.039062 0.100000
5 0.580469 0.922917 0.045312 0.108333
0 0.625000 0.925000 0.050000 0.108333
0 0.671875 0.925000 0.050000 0.104167
0 0.925000 0.925000 0.046875 0.112500
8 0.831250 0.928125 0.050000 0.106250
0 0.878125 0.929167 0.046875 0.108333
1 0.714063 0.925000 0.040625 0.108333
1 0.746094 0.929167 0.039062 0.108333
2 0.786719 0.927083 0.048438 0.112500
10 0.750000 0.288542 0.390625 0.118750
10 0.749219 0.603125 0.395313 0.118750
10 0.752344 0.925000 0.398438 0.125000
