0 0.901563 0.261458 0.053125 0.106250
0 0.852344 0.259375 0.054688 0.102083
8 0.806250 0.264583 0.050000 0.112500
2 0.760938 0.267708 0.053125 0.106250
1 0.720313 0.268750 0.040625 0.104167
5 0.553125 0.271875 0.050000 0.110417
0 0.600000 0.273958 0.050000 0.106250
0 0.646875 0.269792 0.050000 0.106250
1 0.689844 0.268750 0.042188 0.104167
0 0.917969 0.587500 0.051562 0.100000
0 0.870313 0.588542 0.053125 0.102083
8 0.821875 0.589583 0.050000 0.112500
2 0.777344 0.590625 0.051562 0.110417
1 0.737500 0.594792 0.040625 0.102083
0 0.617188 0.596875 0.050000 0.106250
0 0.661719 0.596875 0.051562 0.106250
5 0.568750 0.601042 0.050000 0.110417
0 0.940625 0.920833 0.053125 0.112500
0 0.892188 0.921875 0.053125 0.106250
8 0.845313 0.922917 0.050000 0.116667
2 0.796875 0.921875 0.056250 0.114583
1 0.721875 0.927083 0.043750 0.112500
1 0.755469 0.926042 0.045312 0.110417
5 0.585938 0.932292 0.053125 0.114583
0 0.631250 0.930208 0.053125 0.118750
0 0.679688 0.928125 0.050000 0.110417
1 0.721875 0.928125 0.043750 0.110417
1 0.704688 0.594792 0.043750 0.110417
10 0.726562 0.269792 0.406250 0.127083
10 0.743750 0.595833 0.406250 0.129167
10 0.763281 0.927083 0.417187 0.137500
