0 0.915625 0.278125 0.050000 0.102083
0 0.870313 0.282292 0.050000 0.102083
8 0.825000 0.285417 0.050000 0.104167
2 0.781250 0.287500 0.050000 0.100000
1 0.742969 0.289583 0.039062 0.100000
1 0.711719 0.291667 0.042188 0.104167
0 0.671875 0.290625 0.050000 0.102083
5 0.581250 0.295833 0.043750 0.100000
0 0.626563 0.293750 0.046875 0.100000
0 0.927344 0.594792 0.051562 0.097917
0 0.881250 0.593750 0.050000 0.104167
8 0.835938 0.597917 0.050000 0.100000
2 0.790625 0.598958 0.050000 0.106250
1 0.753125 0.600000 0.040625 0.104167
1 0.718750 0.600000 0.043750 0.104167
0 0.679688 0.604167 0.050000 0.104167
0 0.633594 0.605208 0.051562 0.106250
5 0.589063 0.606250 0.050000 0.104167
0 0.946875 0.921875 0.056250 0.106250
0 0.898438 0.919792 0.050000 0.106250
8 0.853125 0.922917 0.050000 0.112500
2 0.806250 0.923958 0.053125 0.118750
0 0.693750 0.927083 0.050000 0.112500
1 0.768750 0.925000 0.043750 0.112500
1 0.732812 0.926042 0.043750 0.114583
5 0.599219 0.928125 0.054688 0.110417
0 0.646875 0.929167 0.050000 0.112500
10 0.750000 0.287500 0.390625 0.129167
10 0.757812 0.603125 0.400000 0.122917
10 0.774219 0.927083 0.414062 0.129167
