5 0.102344 0.285417 0.048438 0.104167
0 0.146875 0.284375 0.050000 0.102083
0 0.436719 0.284375 0.045312 0.097917
0 0.392969 0.284375 0.051562 0.102083
8 0.349219 0.284375 0.051562 0.102083
0 0.193750 0.284375 0.050000 0.102083
1 0.265625 0.286458 0.043750 0.097917
1 0.232813 0.286458 0.040625 0.097917
2 0.303125 0.288542 0.050000 0.106250
0 0.431250 0.597917 0.043750 0.100000
0 0.387500 0.596875 0.050000 0.102083
8 0.345313 0.596875 0.046875 0.106250
1 0.259375 0.595833 0.040625 0.100000
2 0.299219 0.596875 0.045312 0.106250
0 0.140625 0.601042 0.043750 0.106250
0 0.187500 0.598958 0.050000 0.102083
5 0.093750 0.597917 0.050000 0.100000
1 0.228125 0.598958 0.043750 0.102083
0 0.429688 0.915625 0.043750 0.106250
0 0.384375 0.916667 0.050000 0.108333
8 0.340625 0.917708 0.050000 0.106250
2 0.293750 0.917708 0.050000 0.114583
5 0.087500 0.918750 0.050000 0.108333
0 0.134375 0.919792 0.050000 0.106250
0 0.181250 0.915625 0.050000 0.106250
1 0.254688 0.915625 0.040625 0.106250
1 0.221094 0.916667 0.042188 0.104167
10 0.269531 0.287500 0.389062 0.116667
10 0.261719 0.598958 0.392188 0.110417
10 0.257031 0.917708 0.398438 0.118750
