5 0.084375 0.204167 0.056250 0.112500
0 0.136719 0.207292 0.057813 0.114583
0 0.187500 0.210417 0.056250 0.116667
1 0.234375 0.211458 0.043750 0.118750
0 0.278125 0.214583 0.056250 0.112500
9 0.329688 0.214583 0.059375 0.112500
9 0.378125 0.217708 0.056250 0.118750
2 0.430469 0.225000 0.060937 0.112500
0 0.484375 0.225000 0.059375 0.112500
5 0.058594 0.722917 0.057813 0.116667
0 0.111719 0.721875 0.057813 0.118750
0 0.164844 0.725000 0.057813 0.112500
1 0.210938 0.729167 0.046875 0.116667
0 0.258594 0.727083 0.060937 0.112500
9 0.309375 0.727083 0.059375 0.112500
1 0.212500 0.727083 0.046875 0.112500
9 0.359375 0.732292 0.059375 0.114583
2 0.412500 0.733333 0.062500 0.112500
0 0.465625 0.734375 0.059375 0.118750
10 0.286719 0.215625 0.470313 0.143750
10 0.260156 0.730208 0.479687 0.139583
