0 0.439844 0.137500 0.057813 0.112500
2 0.384375 0.139583 0.062500 0.112500
9 0.332813 0.139583 0.056250 0.112500
9 0.280469 0.144792 0.054688 0.114583
0 0.231250 0.146875 0.056250 0.118750
1 0.185938 0.146875 0.046875 0.118750
0 0.087500 0.154167 0.059375 0.120833
0 0.139844 0.148958 0.060937 0.118750
5 0.032813 0.153125 0.059375 0.118750
0 0.446875 0.646875 0.059375 0.118750
2 0.396094 0.654167 0.064062 0.120833
9 0.340625 0.652083 0.059375 0.116667
9 0.290625 0.657292 0.059375 0.118750
0 0.236719 0.659375 0.057813 0.118750
1 0.192188 0.662500 0.050000 0.125000
0 0.145313 0.666667 0.059375 0.116667
0 0.092188 0.667708 0.062500 0.118750
5 0.037500 0.671875 0.059375 0.118750
10 0.238281 0.148958 0.473438 0.131250
10 0.244531 0.660417 0.485938 0.137500
