0 0.457813 0.288542 0.046875 0.097917
0 0.415625 0.287500 0.050000 0.100000
8 0.371875 0.293750 0.050000 0.100000
2 0.328125 0.293750 0.050000 0.100000
1 0.292969 0.293750 0.039062 0.095833
5 0.134375 0.300000 0.050000 0.100000
0 0.223438 0.296875 0.050000 0.097917
0 0.179688 0.300000 0.050000 0.100000
0 0.462500 0.591667 0.046875 0.095833
0 0.418750 0.590625 0.050000 0.097917
8 0.375000 0.594792 0.050000 0.102083
2 0.332813 0.595833 0.050000 0.100000
1 0.292969 0.596875 0.039062 0.093750
1 0.264844 0.598958 0.042188 0.102083
0 0.225000 0.602083 0.050000 0.100000
0 0.180469 0.604167 0.048438 0.100000
5 0.137500 0.603125 0.050000 0.102083
0 0.465625 0.902083 0.046875 0.100000
0 0.424219 0.904167 0.051562 0.100000
8 0.380469 0.903125 0.051562 0.102083
2 0.335938 0.907292 0.050000 0.102083
1 0.298438 0.906250 0.040625 0.100000
0 0.225000 0.913542 0.050000 0.102083
1 0.267188 0.910417 0.043750 0.100000
0 0.179688 0.913542 0.046875 0.102083
5 0.137500 0.916667 0.046875 0.100000
1 0.259375 0.297917 0.043750 0.100000
10 0.295312 0.295833 0.381250 0.125000
10 0.298438 0.600000 0.384375 0.125000
10 0.300781 0.910417 0.385937 0.129167
