0 0.437500 0.279167 0.050000 0.100000
0 0.393750 0.278125 0.050000 0.097917
8 0.350000 0.282292 0.050000 0.102083
2 0.306250 0.283333 0.050000 0.100000
5 0.105469 0.288542 0.051562 0.106250
1 0.236719 0.286458 0.042188 0.106250
0 0.150000 0.288542 0.050000 0.106250
0 0.196875 0.288542 0.050000 0.102083
1 0.270313 0.284375 0.043750 0.102083
0 0.443750 0.587500 0.050000 0.104167
0 0.398438 0.587500 0.050000 0.100000
8 0.353125 0.591667 0.050000 0.104167
2 0.309375 0.594792 0.053125 0.106250
1 0.271094 0.593750 0.039062 0.100000
1 0.239063 0.595833 0.043750 0.100000
0 0.196875 0.596875 0.053125 0.102083
0 0.152344 0.601042 0.051562 0.106250
5 0.106250 0.600000 0.053125 0.104167
0 0.446875 0.907292 0.043750 0.106250
0 0.402344 0.906250 0.048438 0.108333
8 0.356250 0.910417 0.050000 0.104167
2 0.311719 0.913542 0.054688 0.106250
1 0.271875 0.915625 0.043750 0.106250
1 0.240625 0.915625 0.043750 0.106250
0 0.196875 0.917708 0.053125 0.106250
0 0.150000 0.918750 0.046875 0.112500
5 0.106250 0.922917 0.053125 0.112500
10 0.269531 0.287500 0.395313 0.129167
10 0.272656 0.594792 0.398438 0.131250
10 0.273438 0.917708 0.403125 0.143750
