7 0.493750 0.122917 0.062500 0.129167
2 0.434375 0.121875 0.065625 0.127083
5 0.056250 0.126042 0.062500 0.131250
0 0.112500 0.126042 0.068750 0.131250
7 0.271875 0.126042 0.065625 0.135417
9 0.375000 0.123958 0.065625 0.139583
0 0.171875 0.126042 0.065625 0.135417
7 0.489844 0.697917 0.070312 0.133333
2 0.433594 0.696875 0.070312 0.135417
9 0.375000 0.700000 0.071875 0.133333
7 0.274219 0.704167 0.067187 0.137500
0 0.171875 0.703125 0.062500 0.135417
0 0.114844 0.710417 0.070312 0.133333
5 0.056250 0.713542 0.065625 0.139583
1 0.224219 0.126042 0.057813 0.131250
1 0.325000 0.123958 0.056250 0.139583
1 0.225000 0.705208 0.056250 0.131250
1 0.325000 0.700000 0.056250 0.137500
10 0.275781 0.125000 0.510938 0.141667
10 0.275000 0.708333 0.512500 0.158333
