7 0.953125 0.113542 0.071875 0.135417
2 0.890625 0.114583 0.068750 0.137500
9 0.831250 0.116667 0.068750 0.133333
1 0.681250 0.121875 0.056250 0.131250
7 0.729688 0.120833 0.062500 0.133333
1 0.781250 0.117708 0.056250 0.131250
0 0.631250 0.122917 0.062500 0.133333
0 0.575000 0.126042 0.062500 0.131250
5 0.518750 0.121875 0.062500 0.131250
7 0.962500 0.694792 0.065625 0.131250
9 0.843750 0.695833 0.065625 0.137500
2 0.903125 0.696875 0.068750 0.131250
7 0.742969 0.698958 0.064062 0.131250
1 0.793750 0.700000 0.059375 0.125000
0 0.646094 0.701042 0.060937 0.127083
0 0.590625 0.701042 0.062500 0.127083
5 0.534375 0.701042 0.062500 0.131250
1 0.696094 0.697917 0.054688 0.129167
10 0.735938 0.119792 0.509375 0.152083
10 0.749219 0.700000 0.501563 0.150000
