0 0.434375 0.138542 0.056250 0.118750
2 0.380469 0.140625 0.060937 0.118750
9 0.325000 0.141667 0.056250 0.112500
9 0.275000 0.140625 0.056250 0.110417
0 0.225000 0.146875 0.056250 0.118750
0 0.081250 0.151042 0.059375 0.118750
5 0.028906 0.148958 0.054688 0.118750
0 0.133594 0.146875 0.057813 0.118750
0 0.443750 0.651042 0.062500 0.114583
2 0.387500 0.648958 0.059375 0.118750
9 0.336719 0.650000 0.057813 0.112500
9 0.283594 0.652083 0.057813 0.112500
0 0.231250 0.658333 0.059375 0.112500
0 0.087500 0.665625 0.062500 0.118750
1 0.185938 0.661458 0.046875 0.118750
0 0.139844 0.666667 0.057813 0.116667
5 0.032813 0.668750 0.059375 0.112500
1 0.179688 0.147917 0.043750 0.120833
10 0.233594 0.145833 0.464062 0.129167
10 0.239063 0.660417 0.475000 0.133333
