5 0.543750 0.257292 0.046875 0.102083
0 0.586719 0.256250 0.048438 0.100000
0 0.630469 0.258333 0.048438 0.100000
1 0.667969 0.261458 0.039062 0.093750
8 0.780469 0.263542 0.048438 0.097917
1 0.699219 0.262500 0.039062 0.100000
2 0.735938 0.263542 0.050000 0.102083
0 0.823438 0.262500 0.050000 0.100000
0 0.865625 0.262500 0.050000 0.100000
5 0.546094 0.556250 0.045312 0.104167
0 0.589063 0.560417 0.046875 0.100000
0 0.631250 0.560417 0.046875 0.100000
1 0.668750 0.563542 0.037500 0.097917
1 0.700000 0.566667 0.037500 0.100000
2 0.737500 0.563542 0.050000 0.102083
8 0.780469 0.566667 0.048438 0.095833
0 0.868750 0.567708 0.043750 0.102083
0 0.825000 0.566667 0.050000 0.104167
5 0.546875 0.861458 0.046875 0.106250
0 0.589063 0.862500 0.046875 0.104167
0 0.634375 0.866667 0.050000 0.100000
1 0.671875 0.865625 0.037500 0.097917
1 0.704688 0.872917 0.034375 0.100000
2 0.740625 0.872917 0.050000 0.104167
8 0.783594 0.872917 0.048438 0.104167
0 0.828125 0.875000 0.050000 0.100000
0 0.871875 0.875000 0.050000 0.100000
10 0.705469 0.260417 0.376563 0.116667
10 0.707031 0.563542 0.373437 0.122917
10 0.710156 0.867708 0.379688 0.127083
