5 0.084375 0.190625 0.043750 0.097917
0 0.128125 0.194792 0.046875 0.097917
0 0.171875 0.197917 0.043750 0.095833
1 0.209375 0.196875 0.037500 0.097917
1 0.240625 0.200000 0.037500 0.100000
2 0.277344 0.202083 0.045312 0.100000
8 0.318750 0.202083 0.043750 0.100000
0 0.361719 0.204167 0.042188 0.095833
0 0.405469 0.206250 0.045312 0.095833
5 0.086719 0.491667 0.048438 0.095833
0 0.131250 0.492708 0.046875 0.093750
0 0.175000 0.496875 0.046875 0.093750
1 0.242188 0.497917 0.040625 0.095833
2 0.280469 0.500000 0.045312 0.100000
8 0.321875 0.501042 0.043750 0.097917
0 0.364844 0.500000 0.045312 0.091667
0 0.407813 0.504167 0.043750 0.091667
5 0.059375 0.841667 0.046875 0.100000
0 0.107813 0.843750 0.050000 0.100000
0 0.152344 0.844792 0.045312 0.097917
2 0.196875 0.843750 0.046875 0.104167
7 0.286719 0.845833 0.054688 0.100000
3 0.240625 0.845833 0.043750 0.100000
0 0.334375 0.846875 0.050000 0.106250
5 0.379688 0.848958 0.050000 0.102083
1 0.425000 0.850000 0.053125 0.100000
1 0.212500 0.495833 0.043750 0.100000
10 0.246094 0.201042 0.373437 0.122917
10 0.246875 0.497917 0.375000 0.116667
10 0.244531 0.847917 0.423438 0.116667
