0 0.634375 0.307292 0.050000 0.097917
5 0.317188 0.306250 0.046875 0.100000
0 0.590625 0.306250 0.046875 0.100000
0 0.359375 0.307292 0.043750 0.093750
8 0.549219 0.307292 0.045312 0.097917
0 0.400000 0.306250 0.043750 0.095833
2 0.506250 0.306250 0.043750 0.100000
1 0.440625 0.308333 0.037500 0.100000
1 0.470313 0.308333 0.034375 0.100000
8 0.549219 0.605208 0.048438 0.102083
0 0.593750 0.605208 0.046875 0.102083
0 0.636719 0.607292 0.048438 0.097917
0 0.356250 0.607292 0.046875 0.097917
5 0.314063 0.606250 0.046875 0.095833
2 0.506250 0.606250 0.046875 0.100000
0 0.400000 0.608333 0.046875 0.100000
1 0.468750 0.609375 0.037500 0.093750
0 0.442188 0.608333 0.040625 0.100000
1 0.440625 0.610417 0.037500 0.095833
0 0.646875 0.916667 0.050000 0.100000
0 0.602344 0.916667 0.048438 0.095833
8 0.558594 0.914583 0.048438 0.100000
0 0.361719 0.916667 0.045312 0.108333
5 0.317188 0.916667 0.050000 0.100000
2 0.512500 0.915625 0.050000 0.110417
0 0.406250 0.915625 0.046875 0.102083
1 0.446094 0.915625 0.035937 0.102083
1 0.475000 0.916667 0.040625 0.100000
10 0.475000 0.309375 0.378125 0.114583
10 0.476562 0.607292 0.378125 0.110417
10 0.482031 0.917708 0.385937 0.114583
