0 0.506250 0.288542 0.059375 0.114583
2 0.453125 0.291667 0.059375 0.116667
9 0.400000 0.291667 0.056250 0.116667
9 0.352344 0.294792 0.057813 0.114583
0 0.301563 0.296875 0.059375 0.118750
1 0.254688 0.298958 0.043750 0.118750
0 0.211719 0.301042 0.057813 0.118750
0 0.158594 0.304167 0.060937 0.120833
5 0.106250 0.304167 0.062500 0.120833
0 0.527344 0.796875 0.060937 0.118750
2 0.475000 0.802083 0.062500 0.116667
9 0.421875 0.804167 0.056250 0.116667
9 0.371875 0.805208 0.059375 0.118750
0 0.318750 0.809375 0.059375 0.118750
1 0.273438 0.812500 0.046875 0.120833
0 0.175000 0.818750 0.062500 0.125000
0 0.227344 0.816667 0.060937 0.125000
5 0.121094 0.821875 0.060937 0.127083
10 0.302344 0.298958 0.467187 0.131250
10 0.322656 0.812500 0.470313 0.137500
