5 0.571094 0.209375 0.057813 0.118750
0 0.620313 0.215625 0.056250 0.118750
0 0.667969 0.216667 0.054688 0.116667
0 0.756250 0.219792 0.059375 0.118750
1 0.714063 0.215625 0.043750 0.118750
9 0.808594 0.219792 0.057813 0.114583
9 0.858594 0.219792 0.054688 0.118750
0 0.964844 0.220833 0.057813 0.120833
2 0.911719 0.220833 0.067187 0.120833
5 0.567969 0.714583 0.057813 0.116667
0 0.618750 0.717708 0.059375 0.118750
0 0.667969 0.722917 0.054688 0.116667
1 0.715625 0.726042 0.046875 0.122917
9 0.809375 0.729167 0.059375 0.116667
9 0.861719 0.728125 0.054688 0.118750
2 0.915625 0.735417 0.062500 0.116667
0 0.968750 0.734375 0.059375 0.118750
0 0.759375 0.728125 0.059375 0.118750
10 0.765625 0.220833 0.465625 0.133333
10 0.766406 0.729167 0.467187 0.137500
