0 0.505469 0.288542 0.054688 0.114583
2 0.453125 0.291667 0.059375 0.112500
9 0.400000 0.293750 0.056250 0.112500
9 0.352344 0.293750 0.057813 0.112500
0 0.302344 0.300000 0.057813 0.112500
0 0.211719 0.300000 0.057813 0.112500
1 0.254688 0.301042 0.043750 0.114583
0 0.158594 0.300000 0.060937 0.112500
5 0.106250 0.306250 0.059375 0.112500
0 0.527344 0.793750 0.057813 0.112500
2 0.475000 0.796875 0.062500 0.118750
9 0.421094 0.800000 0.057813 0.112500
9 0.371094 0.807292 0.057813 0.114583
1 0.273438 0.816667 0.046875 0.116667
0 0.317969 0.813542 0.057813 0.114583
0 0.174219 0.822917 0.060937 0.120833
0 0.227344 0.819792 0.060937 0.114583
5 0.117969 0.820833 0.060937 0.125000
10 0.303125 0.296875 0.468750 0.127083
10 0.325000 0.815625 0.487500 0.147917
