0 0.925000 0.325000 0.065625 0.120833
9 0.815625 0.325000 0.059375 0.120833
2 0.868750 0.329167 0.059375 0.116667
9 0.765625 0.327083 0.059375 0.112500
0 0.626563 0.328125 0.053125 0.114583
0 0.575000 0.328125 0.059375 0.118750
1 0.671094 0.328125 0.045312 0.114583
0 0.714844 0.330208 0.054688 0.118750
5 0.525000 0.328125 0.059375 0.114583
9 0.833594 0.848958 0.060937 0.118750
9 0.782813 0.846875 0.056250 0.118750
0 0.946094 0.850000 0.064062 0.120833
2 0.887500 0.846875 0.059375 0.118750
5 0.534375 0.846875 0.059375 0.118750
0 0.586719 0.846875 0.057813 0.118750
9 0.833594 0.846875 0.057813 0.118750
0 0.637500 0.846875 0.059375 0.118750
0 0.730469 0.851042 0.060937 0.118750
1 0.684375 0.848958 0.046875 0.118750
10 0.726562 0.329167 0.475000 0.133333
10 0.742969 0.850000 0.489063 0.145833
