5 0.636719 0.250000 0.042188 0.100000
0 0.681250 0.254167 0.046875 0.100000
0 0.725000 0.255208 0.050000 0.097917
1 0.762500 0.256250 0.043750 0.100000
0 0.967969 0.258333 0.048438 0.100000
1 0.793750 0.256250 0.037500 0.100000
8 0.878125 0.256250 0.050000 0.100000
2 0.833594 0.256250 0.051562 0.104167
0 0.921875 0.256250 0.050000 0.108333
5 0.637500 0.557292 0.046875 0.102083
0 0.681250 0.559375 0.050000 0.097917
0 0.727344 0.559375 0.048438 0.097917
1 0.765625 0.561458 0.037500 0.102083
1 0.798438 0.562500 0.040625 0.100000
2 0.834375 0.566667 0.046875 0.100000
8 0.878125 0.565625 0.050000 0.102083
0 0.971094 0.567708 0.048438 0.106250
0 0.925000 0.567708 0.050000 0.102083
5 0.640625 0.864583 0.046875 0.100000
0 0.683594 0.865625 0.051562 0.097917
0 0.729688 0.868750 0.050000 0.100000
1 0.767969 0.870833 0.039062 0.100000
1 0.800000 0.875000 0.037500 0.100000
8 0.881250 0.878125 0.053125 0.106250
2 0.836719 0.875000 0.048438 0.104167
0 0.928125 0.880208 0.050000 0.106250
0 0.971875 0.881250 0.043750 0.100000
10 0.803906 0.256250 0.382812 0.116667
10 0.806250 0.564583 0.387500 0.120833
10 0.805469 0.873958 0.382812 0.127083
