0 0.925000 0.328125 0.062500 0.118750
9 0.815625 0.328125 0.056250 0.118750
2 0.870313 0.329167 0.062500 0.120833
1 0.671094 0.328125 0.045312 0.118750
9 0.815625 0.326042 0.056250 0.118750
0 0.715625 0.328125 0.059375 0.118750
9 0.765625 0.328125 0.059375 0.118750
0 0.575000 0.330208 0.059375 0.118750
0 0.626563 0.329167 0.056250 0.116667
5 0.525000 0.329167 0.059375 0.120833
0 0.586719 0.850000 0.057813 0.125000
2 0.887500 0.850000 0.065625 0.125000
9 0.782813 0.846875 0.059375 0.122917
0 0.943750 0.850000 0.062500 0.125000
5 0.532813 0.847917 0.059375 0.120833
0 0.728125 0.851042 0.059375 0.122917
9 0.833594 0.848958 0.057813 0.118750
0 0.637500 0.846875 0.059375 0.118750
1 0.683594 0.851042 0.048438 0.118750
10 0.723437 0.322917 0.468750 0.129167
10 0.739844 0.847917 0.482812 0.137500
