5 0.039583 0.191667 0.052083 0.108333
0 0.089063 0.190278 0.053125 0.105556
0 0.135417 0.191667 0.050000 0.105556
1 0.178125 0.188194 0.043750 0.109722
2 0.217188 0.193056 0.053125 0.105556
5 0.263542 0.193056 0.054167 0.105556
5 0.306771 0.193056 0.051042 0.108333
2 0.351042 0.193056 0.052083 0.108333
5 0.394792 0.191667 0.052083 0.105556
5 0.038542 0.649306 0.056250 0.112500
0 0.088021 0.649306 0.055208 0.115278
0 0.134896 0.649306 0.053125 0.106944
1 0.176042 0.647917 0.045833 0.106944
2 0.218750 0.649306 0.056250 0.106944
5 0.263021 0.647917 0.055208 0.109722
5 0.307292 0.644444 0.054167 0.105556
2 0.350521 0.643056 0.055208 0.102778
5 0.394792 0.643056 0.050000 0.105556
10 0.216667 0.190972 0.416667 0.109722
10 0.212500 0.648611 0.422917 0.116667
