7 0.790625 0.115625 0.068750 0.135417
2 0.730469 0.120833 0.070312 0.133333
1 0.521875 0.126042 0.053125 0.135417
9 0.668750 0.122917 0.065625 0.133333
7 0.568750 0.123958 0.065625 0.131250
0 0.471875 0.129167 0.065625 0.133333
0 0.415625 0.129167 0.065625 0.133333
1 0.621875 0.126042 0.059375 0.135417
5 0.358594 0.126042 0.064062 0.131250
7 0.784375 0.697917 0.068750 0.133333
9 0.667188 0.700000 0.065625 0.125000
2 0.724219 0.697917 0.070312 0.129167
7 0.565625 0.700000 0.062500 0.133333
1 0.618750 0.704167 0.059375 0.129167
0 0.471094 0.700000 0.064062 0.129167
0 0.412500 0.702083 0.065625 0.125000
5 0.358594 0.706250 0.064062 0.125000
1 0.518750 0.700000 0.056250 0.133333
10 0.574219 0.123958 0.507812 0.147917
10 0.571875 0.703125 0.503125 0.143750
