5 0.053125 0.305208 0.062500 0.118750
0 0.106250 0.309375 0.059375 0.118750
0 0.459375 0.312500 0.059375 0.120833
1 0.206250 0.309375 0.046875 0.118750
9 0.353125 0.310417 0.056250 0.116667
0 0.251563 0.313542 0.062500 0.118750
2 0.406250 0.309375 0.062500 0.118750
9 0.302344 0.309375 0.057813 0.118750
0 0.158594 0.309375 0.057813 0.118750
0 0.465625 0.830208 0.065625 0.118750
1 0.207813 0.835417 0.050000 0.116667
9 0.359375 0.832292 0.056250 0.118750
2 0.411719 0.831250 0.067187 0.125000
9 0.308594 0.832292 0.060937 0.122917
5 0.053125 0.833333 0.062500 0.125000
0 0.255469 0.833333 0.060937 0.125000
0 0.107813 0.837500 0.062500 0.125000
0 0.161719 0.835417 0.060937 0.120833
10 0.255469 0.312500 0.479687 0.137500
10 0.260937 0.834375 0.493750 0.143750
