9 0.558594 0.323958 0.054688 0.118750
2 0.612500 0.328125 0.062500 0.118750
0 0.317969 0.326042 0.057813 0.114583
0 0.667969 0.329167 0.060937 0.116667
0 0.371875 0.325000 0.059375 0.112500
9 0.510938 0.323958 0.059375 0.118750
0 0.459375 0.329167 0.059375 0.116667
1 0.415625 0.328125 0.046875 0.118750
5 0.267969 0.323958 0.057813 0.118750
9 0.518750 0.846875 0.059375 0.118750
0 0.678125 0.847917 0.059375 0.120833
2 0.625000 0.846875 0.062500 0.118750
0 0.465625 0.846875 0.059375 0.118750
9 0.568750 0.844792 0.059375 0.118750
5 0.270313 0.851042 0.062500 0.122917
0 0.321875 0.847917 0.059375 0.120833
1 0.421094 0.843750 0.045312 0.112500
0 0.375000 0.846875 0.056250 0.118750
10 0.464844 0.326042 0.476562 0.131250
10 0.473438 0.848958 0.484375 0.131250
