0 0.921094 0.300000 0.045312 0.100000
0 0.875000 0.304167 0.050000 0.100000
8 0.831250 0.303125 0.053125 0.106250
5 0.595313 0.307292 0.046875 0.102083
0 0.637500 0.306250 0.046875 0.100000
1 0.751563 0.307292 0.037500 0.097917
1 0.720313 0.307292 0.037500 0.097917
2 0.787500 0.307292 0.046875 0.102083
0 0.681250 0.306250 0.043750 0.100000
1 0.750000 0.307292 0.034375 0.097917
8 0.835938 0.605208 0.050000 0.102083
0 0.925000 0.606250 0.050000 0.100000
0 0.881250 0.605208 0.050000 0.106250
5 0.596875 0.606250 0.050000 0.100000
0 0.640625 0.606250 0.046875 0.100000
2 0.792969 0.606250 0.048438 0.100000
0 0.683594 0.610417 0.051562 0.100000
1 0.753125 0.610417 0.037500 0.095833
1 0.721875 0.608333 0.037500 0.100000
5 0.605469 0.919792 0.051562 0.106250
0 0.652344 0.917708 0.048438 0.106250
0 0.696094 0.922917 0.048438 0.104167
1 0.767969 0.920833 0.039062 0.100000
2 0.805469 0.921875 0.045312 0.106250
8 0.850000 0.920833 0.050000 0.112500
0 0.896875 0.921875 0.050000 0.106250
0 0.942969 0.921875 0.045312 0.106250
1 0.734375 0.918750 0.040625 0.100000
10 0.758594 0.306250 0.385937 0.125000
10 0.762500 0.609375 0.384375 0.114583
10 0.772656 0.920833 0.395313 0.116667
