0 0.667188 0.329167 0.062500 0.120833
9 0.558594 0.326042 0.054688 0.114583
2 0.612500 0.329167 0.059375 0.116667
0 0.317969 0.323958 0.057813 0.118750
9 0.509375 0.325000 0.056250 0.112500
9 0.558594 0.321875 0.051562 0.118750
0 0.371875 0.325000 0.056250 0.112500
0 0.459375 0.321875 0.056250 0.118750
1 0.415625 0.329167 0.043750 0.116667
5 0.267969 0.325000 0.057813 0.112500
0 0.678125 0.845833 0.059375 0.125000
2 0.624219 0.847917 0.060937 0.120833
9 0.568750 0.846875 0.059375 0.118750
9 0.517969 0.847917 0.054688 0.116667
0 0.465625 0.846875 0.059375 0.118750
1 0.418750 0.851042 0.046875 0.118750
0 0.321875 0.846875 0.059375 0.118750
1 0.421875 0.846875 0.046875 0.118750
0 0.375000 0.846875 0.056250 0.118750
5 0.267969 0.845833 0.057813 0.125000
10 0.469531 0.326042 0.473438 0.127083
10 0.473438 0.845833 0.481250 0.137500
