5 0.172396 0.180556 0.053125 0.108333
0 0.219271 0.180556 0.053125 0.111111
0 0.267188 0.180556 0.051042 0.105556
1 0.307292 0.180556 0.039583 0.105556
2 0.346354 0.184028 0.051042 0.106944
5 0.392188 0.180556 0.048958 0.105556
5 0.434896 0.180556 0.048958 0.105556
2 0.478646 0.184028 0.048958 0.106944
5 0.523438 0.180556 0.048958 0.105556
5 0.167708 0.636806 0.054167 0.109722
0 0.216667 0.636806 0.054167 0.109722
0 0.263021 0.636806 0.053125 0.106944
1 0.304688 0.635417 0.042708 0.106944
2 0.344792 0.635417 0.052083 0.109722
5 0.388542 0.631944 0.052083 0.108333
5 0.432292 0.634028 0.052083 0.106944
2 0.475521 0.634028 0.053125 0.106944
5 0.519792 0.634028 0.050000 0.106944
10 0.347917 0.181944 0.408333 0.113889
10 0.341667 0.638194 0.410417 0.112500
