5 0.315625 0.306250 0.050000 0.100000
0 0.635938 0.307292 0.043750 0.097917
0 0.358594 0.306250 0.048438 0.095833
0 0.590625 0.306250 0.043750 0.100000
8 0.549219 0.307292 0.045312 0.097917
0 0.402344 0.307292 0.042188 0.097917
2 0.506250 0.308333 0.043750 0.100000
1 0.440625 0.308333 0.040625 0.100000
1 0.470313 0.306250 0.037500 0.100000
8 0.550000 0.605208 0.046875 0.102083
0 0.593750 0.607292 0.046875 0.102083
0 0.637500 0.607292 0.046875 0.097917
0 0.356250 0.607292 0.046875 0.097917
5 0.314844 0.607292 0.045312 0.097917
2 0.506250 0.607292 0.043750 0.097917
0 0.400000 0.607292 0.046875 0.102083
1 0.471875 0.607292 0.040625 0.097917
1 0.440625 0.608333 0.037500 0.100000
0 0.646875 0.914583 0.046875 0.100000
0 0.603125 0.916667 0.050000 0.095833
8 0.558594 0.914583 0.048438 0.100000
0 0.361719 0.916667 0.051562 0.108333
5 0.317969 0.914583 0.048438 0.100000
0 0.406250 0.914583 0.050000 0.100000
2 0.514844 0.916667 0.048438 0.108333
1 0.446094 0.915625 0.035937 0.102083
1 0.475000 0.915625 0.040625 0.102083
10 0.473438 0.310417 0.381250 0.116667
10 0.480469 0.916667 0.392188 0.120833
