0 0.821094 0.311458 0.064062 0.118750
9 0.662500 0.312500 0.059375 0.116667
2 0.767188 0.313542 0.062500 0.118750
9 0.714063 0.311458 0.056250 0.118750
0 0.612500 0.316667 0.059375 0.120833
0 0.524219 0.312500 0.060937 0.120833
1 0.568750 0.316667 0.046875 0.116667
0 0.473438 0.313542 0.059375 0.118750
5 0.421875 0.313542 0.059375 0.114583
0 0.837500 0.835417 0.062500 0.120833
9 0.677344 0.831250 0.057813 0.116667
0 0.481250 0.833333 0.059375 0.116667
9 0.728125 0.833333 0.059375 0.116667
2 0.782813 0.834375 0.065625 0.118750
5 0.429688 0.833333 0.059375 0.125000
0 0.533594 0.834375 0.057813 0.122917
1 0.578125 0.835417 0.050000 0.120833
0 0.625000 0.835417 0.059375 0.120833
10 0.622656 0.312500 0.476562 0.133333
10 0.632812 0.831250 0.484375 0.137500
