0 0.723437 0.141667 0.056250 0.116667
2 0.671875 0.140625 0.062500 0.110417
9 0.618750 0.144792 0.056250 0.114583
9 0.567969 0.145833 0.054688 0.112500
0 0.518750 0.150000 0.059375 0.112500
1 0.475000 0.153125 0.043750 0.118750
0 0.431250 0.153125 0.056250 0.118750
0 0.380469 0.155208 0.057813 0.118750
5 0.328125 0.160417 0.059375 0.116667
0 0.740625 0.651042 0.059375 0.118750
2 0.686719 0.654167 0.060937 0.116667
9 0.633594 0.652083 0.057813 0.116667
9 0.581250 0.655208 0.056250 0.118750
0 0.532813 0.659375 0.056250 0.118750
1 0.489063 0.662500 0.043750 0.112500
0 0.440625 0.664583 0.059375 0.112500
0 0.390625 0.667708 0.056250 0.118750
5 0.337500 0.672917 0.059375 0.116667
2 0.671875 0.140625 0.059375 0.118750
10 0.525000 0.150000 0.465625 0.137500
10 0.539844 0.662500 0.473438 0.141667
