9 0.823438 0.309375 0.056250 0.118750
9 0.773438 0.313542 0.056250 0.114583
2 0.877344 0.311458 0.060937 0.118750
0 0.932813 0.313542 0.062500 0.118750
0 0.721875 0.317708 0.059375 0.118750
0 0.634375 0.316667 0.059375 0.116667
0 0.581250 0.316667 0.056250 0.116667
1 0.678125 0.314583 0.046875 0.112500
5 0.531250 0.314583 0.059375 0.120833
9 0.840625 0.833333 0.059375 0.125000
9 0.789844 0.833333 0.057813 0.125000
0 0.953125 0.837500 0.062500 0.120833
0 0.593750 0.833333 0.062500 0.125000
5 0.542188 0.833333 0.062500 0.125000
2 0.896875 0.837500 0.065625 0.125000
0 0.646094 0.834375 0.057813 0.122917
1 0.690625 0.834375 0.050000 0.118750
0 0.737500 0.836458 0.059375 0.118750
10 0.732812 0.316667 0.478125 0.137500
10 0.747656 0.835417 0.492188 0.145833
