0 0.677344 0.136458 0.057813 0.118750
2 0.621875 0.141667 0.062500 0.116667
9 0.571094 0.140625 0.054688 0.118750
9 0.521094 0.143750 0.054688 0.112500
0 0.471875 0.151042 0.059375 0.114583
1 0.426563 0.150000 0.043750 0.112500
0 0.380469 0.154167 0.057813 0.112500
0 0.330469 0.153125 0.057813 0.118750
5 0.278125 0.157292 0.059375 0.118750
0 0.689844 0.651042 0.060937 0.110417
9 0.581250 0.650000 0.056250 0.112500
2 0.636719 0.650000 0.057813 0.112500
9 0.534375 0.655208 0.056250 0.118750
0 0.481250 0.658333 0.062500 0.112500
1 0.437500 0.663542 0.046875 0.114583
0 0.392969 0.666667 0.060937 0.116667
0 0.339844 0.665625 0.057813 0.118750
5 0.286719 0.667708 0.057813 0.114583
10 0.476562 0.147917 0.468750 0.137500
10 0.489063 0.662500 0.471875 0.133333
