0 0.912500 0.131250 0.059375 0.112500
2 0.859375 0.137500 0.062500 0.112500
9 0.805469 0.137500 0.054688 0.112500
9 0.755469 0.144792 0.057813 0.114583
0 0.704688 0.151042 0.056250 0.114583
1 0.661719 0.150000 0.045312 0.112500
0 0.617188 0.156250 0.056250 0.112500
0 0.564844 0.156250 0.057813 0.112500
5 0.515625 0.160417 0.059375 0.112500
9 0.821875 0.652083 0.059375 0.112500
0 0.931250 0.650000 0.056250 0.112500
2 0.876563 0.650000 0.059375 0.112500
9 0.770312 0.657292 0.056250 0.110417
0 0.718750 0.663542 0.059375 0.114583
1 0.674219 0.662500 0.048438 0.112500
5 0.527344 0.667708 0.057813 0.114583
0 0.578125 0.665625 0.059375 0.118750
0 0.628125 0.661458 0.056250 0.118750
10 0.714063 0.147917 0.462500 0.141667
10 0.728125 0.662500 0.475000 0.137500
