0 0.934375 0.134375 0.059375 0.118750
2 0.881250 0.140625 0.059375 0.118750
9 0.828125 0.140625 0.059375 0.118750
9 0.778125 0.147917 0.056250 0.116667
0 0.728125 0.154167 0.056250 0.116667
0 0.637500 0.157292 0.056250 0.114583
0 0.589063 0.156250 0.059375 0.120833
5 0.536719 0.163542 0.054688 0.118750
2 0.898438 0.653125 0.062500 0.118750
9 0.843750 0.653125 0.059375 0.118750
9 0.792969 0.656250 0.057813 0.112500
0 0.742969 0.661458 0.057813 0.118750
0 0.742969 0.663542 0.057813 0.118750
1 0.696875 0.661458 0.043750 0.118750
0 0.652344 0.665625 0.057813 0.118750
0 0.599219 0.667708 0.054688 0.118750
5 0.550000 0.670833 0.059375 0.112500
0 0.953125 0.651042 0.059375 0.118750
1 0.683594 0.153125 0.045312 0.118750
10 0.737500 0.148958 0.475000 0.143750
10 0.750000 0.662500 0.478125 0.137500
