5 0.042188 0.185417 0.055208 0.109722
0 0.090625 0.181944 0.056250 0.111111
0 0.138542 0.186806 0.056250 0.109722
1 0.179688 0.186806 0.042708 0.106944
2 0.219792 0.186806 0.052083 0.106944
5 0.265625 0.186806 0.050000 0.104167
5 0.309896 0.186806 0.048958 0.104167
2 0.353646 0.186806 0.048958 0.104167
5 0.398438 0.186806 0.048958 0.106944
5 0.038021 0.646528 0.053125 0.109722
0 0.088021 0.643056 0.055208 0.111111
0 0.134375 0.643056 0.054167 0.105556
1 0.176042 0.643056 0.045833 0.113889
2 0.216667 0.643056 0.054167 0.108333
5 0.263542 0.641667 0.052083 0.105556
5 0.306771 0.640278 0.051042 0.105556
2 0.351042 0.640278 0.052083 0.105556
5 0.394792 0.640278 0.050000 0.105556
10 0.218750 0.184028 0.418750 0.109722
10 0.213542 0.644444 0.422917 0.111111
