0 0.651563 0.256250 0.050000 0.104167
0 0.605469 0.260417 0.051562 0.104167
8 0.558594 0.259375 0.054688 0.106250
2 0.512500 0.263542 0.053125 0.110417
5 0.302344 0.267708 0.051562 0.106250
1 0.471875 0.265625 0.040625 0.106250
0 0.349219 0.266667 0.054688 0.108333
0 0.396094 0.266667 0.051562 0.104167
1 0.439063 0.266667 0.043750 0.104167
0 0.667188 0.585417 0.053125 0.104167
0 0.618750 0.584375 0.050000 0.106250
8 0.573438 0.587500 0.053125 0.108333
2 0.527344 0.589583 0.054688 0.112500
1 0.485938 0.590625 0.043750 0.106250
1 0.452344 0.593750 0.039062 0.108333
0 0.412500 0.593750 0.053125 0.108333
0 0.362500 0.597917 0.056250 0.108333
5 0.315625 0.596875 0.056250 0.110417
0 0.684375 0.919792 0.046875 0.106250
0 0.636719 0.920833 0.051562 0.112500
8 0.589844 0.923958 0.054688 0.106250
2 0.542969 0.925000 0.054688 0.112500
1 0.502344 0.927083 0.042188 0.112500
1 0.465625 0.928125 0.043750 0.110417
5 0.328125 0.934375 0.053125 0.114583
0 0.424219 0.932292 0.054688 0.114583
0 0.375000 0.931250 0.056250 0.116667
10 0.478125 0.263542 0.409375 0.127083
10 0.490625 0.592708 0.415625 0.131250
10 0.504687 0.929167 0.418750 0.141667
