5 0.291146 0.193056 0.053125 0.108333
0 0.338542 0.195139 0.054167 0.109722
0 0.384896 0.193056 0.051042 0.108333
1 0.423958 0.193056 0.041667 0.108333
2 0.463542 0.196528 0.052083 0.104167
5 0.507292 0.193056 0.050000 0.102778
5 0.550521 0.193056 0.051042 0.105556
2 0.594792 0.193056 0.052083 0.105556
5 0.638542 0.191667 0.050000 0.105556
5 0.289062 0.649306 0.055208 0.112500
0 0.338542 0.647917 0.052083 0.109722
0 0.382292 0.644444 0.047917 0.105556
1 0.422917 0.644444 0.041667 0.105556
2 0.463021 0.644444 0.051042 0.102778
5 0.507292 0.643056 0.047917 0.102778
5 0.550521 0.643056 0.048958 0.105556
2 0.594792 0.643056 0.052083 0.105556
5 0.638542 0.643056 0.047917 0.105556
10 0.461979 0.193750 0.407292 0.109722
10 0.461458 0.646528 0.408333 0.109722
