5 0.037500 0.322917 0.062500 0.112500
9 0.290625 0.325000 0.059375 0.112500
0 0.093750 0.322917 0.059375 0.116667
0 0.146875 0.321875 0.059375 0.114583
9 0.340625 0.326042 0.056250 0.110417
0 0.239844 0.326042 0.057813 0.114583
1 0.192969 0.325000 0.045312 0.116667
2 0.393750 0.325000 0.059375 0.112500
0 0.446875 0.327083 0.059375 0.112500
0 0.453125 0.845833 0.059375 0.112500
2 0.400000 0.847917 0.062500 0.116667
9 0.345313 0.843750 0.056250 0.112500
1 0.193750 0.850000 0.043750 0.116667
9 0.293750 0.846875 0.062500 0.118750
0 0.092188 0.850000 0.059375 0.120833
0 0.146094 0.850000 0.057813 0.116667
5 0.037500 0.850000 0.059375 0.116667
0 0.240625 0.848958 0.059375 0.118750
10 0.242969 0.326042 0.482812 0.135417
10 0.247656 0.848958 0.492188 0.135417
