5 0.263021 0.124306 0.044792 0.095833
0 0.304167 0.124306 0.043750 0.090278
9 0.457813 0.124306 0.044792 0.093056
8 0.497917 0.124306 0.043750 0.095833
2 0.535417 0.124306 0.045833 0.093056
8 0.419271 0.124306 0.044792 0.093056
0 0.341667 0.124306 0.043750 0.093056
1 0.569792 0.127778 0.035417 0.097222
2 0.382292 0.124306 0.045833 0.093056
2 0.538021 0.399306 0.046875 0.095833
8 0.500521 0.397917 0.044792 0.093056
1 0.573958 0.397917 0.039583 0.093056
8 0.422917 0.397917 0.045833 0.093056
9 0.460417 0.397917 0.047917 0.093056
2 0.382292 0.399306 0.043750 0.093056
0 0.344792 0.399306 0.043750 0.093056
5 0.266667 0.399306 0.045833 0.095833
0 0.304167 0.399306 0.045833 0.095833
8 0.497917 0.674306 0.043750 0.095833
9 0.457292 0.674306 0.041667 0.095833
2 0.536458 0.675000 0.045833 0.100000
8 0.419271 0.676389 0.046875 0.100000
1 0.573438 0.674306 0.040625 0.098611
0 0.339583 0.674306 0.045833 0.093056
2 0.379688 0.674306 0.046875 0.095833
0 0.300521 0.674306 0.046875 0.093056
5 0.259896 0.676389 0.046875 0.097222
1 0.578646 0.956250 0.040625 0.087500
2 0.538021 0.956250 0.046875 0.087500
8 0.498958 0.956250 0.047917 0.087500
5 0.257292 0.957639 0.047917 0.084722
9 0.459896 0.956250 0.046875 0.087500
8 0.419271 0.956250 0.046875 0.087500
0 0.298438 0.955556 0.048958 0.083333
2 0.377083 0.956250 0.047917 0.087500
0 0.338542 0.957639 0.047917 0.084722
10 0.414062 0.125000 0.353125 0.097222
10 0.417187 0.398611 0.353125 0.100000
10 0.411979 0.678472 0.357292 0.101389
10 0.414583 0.955556 0.370833 0.088889
