4 0.778125 0.143750 0.078125 0.137500
9 0.712500 0.146875 0.065625 0.131250
7 0.652344 0.148958 0.070312 0.131250
6 0.596094 0.148958 0.067187 0.131250
0 0.424219 0.153125 0.060937 0.131250
2 0.537500 0.153125 0.059375 0.131250
0 0.368750 0.155208 0.062500 0.131250
5 0.312500 0.155208 0.068750 0.131250
2 0.478125 0.157292 0.059375 0.131250
7 0.661719 0.714583 0.070312 0.125000
6 0.605469 0.718750 0.067187 0.125000
4 0.784375 0.708333 0.075000 0.133333
2 0.549219 0.721875 0.064062 0.131250
2 0.492188 0.725000 0.062500 0.125000
0 0.436719 0.725000 0.060937 0.125000
0 0.380469 0.729167 0.067187 0.129167
5 0.325000 0.727083 0.065625 0.125000
9 0.721094 0.716667 0.067187 0.125000
10 0.546875 0.152083 0.550000 0.145833
10 0.558594 0.720833 0.539062 0.145833
