5 0.217969 0.121875 0.070312 0.131250
8 0.627344 0.122917 0.064062 0.137500
1 0.680469 0.121875 0.057813 0.131250
0 0.278125 0.120833 0.065625 0.125000
0 0.337500 0.121875 0.062500 0.131250
2 0.454688 0.129167 0.065625 0.133333
2 0.395313 0.126042 0.062500 0.131250
1 0.687500 0.690625 0.056250 0.131250
8 0.636719 0.692708 0.057813 0.131250
6 0.521875 0.701042 0.062500 0.131250
2 0.462500 0.704167 0.062500 0.129167
2 0.406250 0.706250 0.062500 0.125000
0 0.349219 0.706250 0.067187 0.125000
5 0.233594 0.707292 0.067187 0.127083
0 0.290625 0.705208 0.062500 0.131250
6 0.511719 0.126042 0.067187 0.135417
4 0.571094 0.120833 0.067187 0.137500
4 0.580469 0.693750 0.067187 0.137500
10 0.447656 0.127083 0.539062 0.141667
10 0.457813 0.701042 0.528125 0.147917
