5 0.197396 0.210417 0.048958 0.104167
0 0.241667 0.210417 0.047917 0.104167
0 0.288021 0.211806 0.046875 0.104167
2 0.332292 0.211806 0.045833 0.101389
2 0.376042 0.211806 0.047917 0.104167
7 0.426042 0.210417 0.054167 0.106944
4 0.472917 0.211806 0.054167 0.106944
9 0.519792 0.211806 0.050000 0.106944
1 0.557292 0.210417 0.041667 0.104167
5 0.194271 0.666667 0.048958 0.105556
0 0.241667 0.666667 0.047917 0.105556
0 0.285938 0.666667 0.046875 0.105556
2 0.329688 0.666667 0.046875 0.105556
2 0.377083 0.665278 0.052083 0.105556
7 0.426563 0.661806 0.053125 0.106944
4 0.472917 0.661806 0.054167 0.106944
9 0.519271 0.661806 0.051042 0.106944
1 0.563542 0.660417 0.047917 0.106944
10 0.376042 0.208333 0.416667 0.113889
10 0.377083 0.662500 0.418750 0.116667
