5 0.046094 0.115625 0.064062 0.139583
0 0.104688 0.118750 0.068750 0.137500
1 0.510938 0.126042 0.056250 0.131250
0 0.162500 0.120833 0.062500 0.133333
2 0.225000 0.125000 0.059375 0.125000
6 0.343750 0.129167 0.062500 0.129167
2 0.281250 0.129167 0.062500 0.133333
4 0.403125 0.125000 0.059375 0.125000
1 0.521094 0.697917 0.054688 0.125000
4 0.411719 0.700000 0.067187 0.125000
2 0.293750 0.703125 0.065625 0.131250
2 0.237500 0.705208 0.065625 0.131250
0 0.178125 0.705208 0.062500 0.131250
0 0.118750 0.710417 0.062500 0.125000
5 0.058594 0.710417 0.064062 0.133333
8 0.459375 0.126042 0.062500 0.139583
6 0.353125 0.698958 0.062500 0.135417
8 0.471094 0.701042 0.064062 0.127083
10 0.273438 0.125000 0.534375 0.141667
10 0.286719 0.707292 0.535937 0.143750
