5 0.272917 0.193056 0.047917 0.097222
0 0.313542 0.194444 0.047917 0.097222
0 0.353646 0.193056 0.048958 0.100000
2 0.395313 0.196528 0.048958 0.104167
8 0.435417 0.194444 0.045833 0.102778
9 0.476562 0.194444 0.046875 0.097222
8 0.518229 0.195139 0.044792 0.098611
2 0.559896 0.195833 0.046875 0.100000
0 0.598958 0.195833 0.045833 0.097222
5 0.262500 0.481944 0.050000 0.097222
0 0.304167 0.484028 0.047917 0.093056
0 0.345313 0.484028 0.048958 0.095833
2 0.384896 0.485417 0.048958 0.098611
8 0.426042 0.485417 0.045833 0.098611
9 0.466146 0.486806 0.048958 0.098611
8 0.508854 0.485417 0.048958 0.095833
2 0.548438 0.487500 0.046875 0.100000
0 0.589063 0.486806 0.048958 0.098611
5 0.252604 0.769444 0.048958 0.100000
0 0.294792 0.771528 0.047917 0.095833
0 0.335938 0.770833 0.046875 0.097222
2 0.376563 0.775000 0.048958 0.100000
8 0.416667 0.770833 0.045833 0.097222
9 0.457292 0.772917 0.045833 0.095833
8 0.497396 0.772917 0.046875 0.095833
2 0.538542 0.774306 0.047917 0.098611
0 0.579688 0.774306 0.046875 0.095833
10 0.435937 0.196528 0.378125 0.109722
10 0.425521 0.485417 0.380208 0.109722
10 0.417187 0.773611 0.378125 0.108333
