8 0.699219 0.117708 0.057813 0.139583
1 0.753125 0.120833 0.059375 0.137500
5 0.293750 0.121875 0.068750 0.139583
6 0.584375 0.126042 0.062500 0.135417
4 0.643750 0.115625 0.056250 0.131250
0 0.353125 0.123958 0.065625 0.139583
0 0.412500 0.126042 0.062500 0.131250
2 0.526563 0.129167 0.065625 0.133333
2 0.470313 0.126042 0.065625 0.131250
8 0.711719 0.694792 0.067187 0.131250
1 0.761719 0.696875 0.054688 0.131250
6 0.596094 0.698958 0.064062 0.135417
2 0.536719 0.703125 0.070312 0.131250
2 0.481250 0.703125 0.062500 0.131250
0 0.425000 0.703125 0.062500 0.131250
0 0.368750 0.707292 0.062500 0.131250
5 0.311719 0.706250 0.067187 0.133333
4 0.656250 0.697917 0.065625 0.133333
10 0.518750 0.125000 0.525000 0.141667
10 0.535937 0.706250 0.528125 0.145833
