5 0.078646 0.213889 0.046875 0.097222
0 0.122396 0.214583 0.046875 0.101389
0 0.167187 0.218056 0.046875 0.102778
2 0.211979 0.220139 0.044792 0.101389
2 0.257292 0.220833 0.047917 0.100000
7 0.305208 0.222222 0.052083 0.100000
4 0.350521 0.224306 0.051042 0.101389
9 0.397396 0.225694 0.044792 0.101389
1 0.436979 0.225694 0.042708 0.101389
5 0.054167 0.663194 0.047917 0.101389
0 0.101042 0.664583 0.047917 0.104167
0 0.147396 0.666667 0.046875 0.105556
2 0.192188 0.668056 0.046875 0.102778
2 0.238542 0.665972 0.047917 0.101389
7 0.288542 0.665972 0.054167 0.101389
4 0.334896 0.668056 0.055208 0.105556
9 0.381771 0.669444 0.046875 0.102778
1 0.422396 0.669444 0.040625 0.105556
10 0.256771 0.221528 0.413542 0.120833
10 0.236458 0.668056 0.418750 0.119444
