5 0.065625 0.123958 0.065625 0.139583
0 0.123438 0.127083 0.065625 0.137500
0 0.181250 0.131250 0.065625 0.137500
8 0.465625 0.128125 0.062500 0.131250
1 0.517188 0.128125 0.056250 0.131250
2 0.239063 0.132292 0.065625 0.135417
2 0.296094 0.131250 0.067187 0.133333
4 0.411719 0.128125 0.067187 0.131250
1 0.527344 0.687500 0.054688 0.125000
6 0.364844 0.694792 0.064062 0.131250
2 0.306250 0.693750 0.062500 0.125000
2 0.252344 0.696875 0.064062 0.131250
0 0.196875 0.695833 0.065625 0.125000
5 0.078125 0.698958 0.062500 0.131250
0 0.139063 0.700000 0.068750 0.125000
6 0.353125 0.131250 0.065625 0.133333
4 0.423438 0.690625 0.068750 0.131250
8 0.478125 0.686458 0.062500 0.131250
10 0.287500 0.130208 0.518750 0.135417
10 0.298438 0.697917 0.515625 0.141667
