8 0.893750 0.112500 0.062500 0.137500
1 0.946875 0.111458 0.056250 0.143750
4 0.835938 0.119792 0.068750 0.131250
6 0.775000 0.118750 0.065625 0.137500
5 0.486719 0.122917 0.064062 0.137500
2 0.714844 0.120833 0.067187 0.133333
0 0.543750 0.122917 0.062500 0.137500
0 0.600000 0.122917 0.062500 0.133333
2 0.658594 0.126042 0.064062 0.135417
8 0.902344 0.695833 0.070312 0.125000
1 0.954688 0.694792 0.056250 0.131250
6 0.784375 0.703125 0.065625 0.131250
2 0.724219 0.702083 0.070312 0.125000
2 0.671094 0.707292 0.064062 0.127083
0 0.612500 0.707292 0.062500 0.127083
0 0.557813 0.706250 0.065625 0.133333
5 0.499219 0.707292 0.064062 0.131250
4 0.846094 0.697917 0.070312 0.129167
10 0.714063 0.120833 0.525000 0.145833
10 0.723437 0.706250 0.521875 0.145833
