1 0.544792 0.111806 0.039583 0.095833
2 0.509896 0.115278 0.046875 0.094444
8 0.470313 0.111806 0.044792 0.093056
9 0.432292 0.115278 0.043750 0.094444
8 0.392188 0.118056 0.044792 0.094444
2 0.351042 0.118056 0.045833 0.094444
0 0.313021 0.118056 0.044792 0.094444
5 0.232292 0.121528 0.045833 0.098611
0 0.273438 0.118056 0.044792 0.094444
1 0.551042 0.390278 0.039583 0.091667
2 0.517188 0.391667 0.046875 0.094444
8 0.478646 0.393056 0.044792 0.097222
9 0.439063 0.393056 0.044792 0.094444
8 0.397917 0.393056 0.045833 0.094444
2 0.360417 0.393056 0.045833 0.094444
0 0.319271 0.397917 0.046875 0.093056
0 0.281771 0.397917 0.044792 0.093056
5 0.241146 0.399306 0.044792 0.095833
1 0.556771 0.668056 0.042708 0.094444
2 0.519792 0.668056 0.047917 0.094444
8 0.479167 0.671528 0.043750 0.093056
9 0.438542 0.672917 0.045833 0.095833
8 0.400521 0.674306 0.044792 0.095833
2 0.360938 0.674306 0.046875 0.095833
0 0.319271 0.677778 0.044792 0.094444
0 0.279167 0.677778 0.045833 0.094444
5 0.238542 0.680556 0.045833 0.097222
1 0.563542 0.949306 0.041667 0.095833
2 0.526563 0.954167 0.048958 0.091667
8 0.485417 0.954167 0.047917 0.091667
9 0.444271 0.956250 0.046875 0.087500
8 0.404167 0.956250 0.047917 0.087500
2 0.364063 0.955556 0.048958 0.086111
5 0.241667 0.960417 0.047917 0.079167
0 0.325521 0.959028 0.046875 0.081944
0 0.282813 0.959028 0.046875 0.081944
10 0.384896 0.118056 0.365625 0.102778
10 0.394792 0.396528 0.360417 0.098611
10 0.397396 0.681250 0.367708 0.112500
10 0.400000 0.954167 0.372917 0.091667
