5 0.263021 0.105556 0.048958 0.097222
1 0.595833 0.107639 0.052083 0.101389
7 0.466667 0.105556 0.052083 0.100000
0 0.307292 0.109028 0.047917 0.098611
0 0.513542 0.110417 0.047917 0.098611
5 0.554167 0.109028 0.047917 0.098611
0 0.347917 0.110417 0.045833 0.095833
3 0.426563 0.110417 0.044792 0.093056
2 0.388021 0.111806 0.046875 0.095833
0 0.517708 0.386806 0.047917 0.098611
5 0.556771 0.386806 0.046875 0.095833
5 0.266667 0.386806 0.047917 0.098611
7 0.469792 0.386806 0.052083 0.093056
0 0.310417 0.390278 0.047917 0.097222
2 0.391146 0.388194 0.046875 0.095833
1 0.598958 0.386806 0.047917 0.098611
0 0.351042 0.390278 0.045833 0.094444
3 0.429167 0.390278 0.045833 0.094444
1 0.594271 0.664583 0.046875 0.101389
5 0.551042 0.668056 0.045833 0.094444
0 0.510938 0.668056 0.048958 0.097222
7 0.463542 0.668056 0.050000 0.094444
5 0.260417 0.669444 0.047917 0.100000
0 0.301563 0.669444 0.046875 0.097222
0 0.342708 0.671528 0.045833 0.095833
2 0.384896 0.671528 0.048958 0.095833
3 0.422917 0.671528 0.043750 0.095833
7 0.457813 0.954167 0.053125 0.091667
1 0.589063 0.952778 0.048958 0.094444
0 0.504687 0.952778 0.048958 0.094444
5 0.544271 0.954167 0.046875 0.091667
3 0.416667 0.955556 0.045833 0.088889
2 0.376563 0.956250 0.046875 0.087500
5 0.250521 0.957639 0.048958 0.084722
0 0.335938 0.956250 0.048958 0.087500
0 0.291667 0.956250 0.047917 0.087500
10 0.429167 0.109722 0.387500 0.102778
10 0.432292 0.389583 0.385417 0.106944
10 0.426042 0.670833 0.387500 0.108333
10 0.416667 0.953472 0.393750 0.093056
