5 0.273438 0.129167 0.046875 0.094444
0 0.313542 0.125694 0.043750 0.090278
0 0.351042 0.130556 0.041667 0.091667
2 0.391146 0.132639 0.044792 0.090278
8 0.429167 0.132639 0.043750 0.090278
9 0.466667 0.130556 0.043750 0.091667
8 0.504167 0.130556 0.041667 0.088889
2 0.544792 0.135417 0.043750 0.093056
1 0.579167 0.135417 0.035417 0.090278
5 0.272917 0.397917 0.043750 0.093056
0 0.313021 0.397917 0.044792 0.093056
0 0.351042 0.399306 0.043750 0.093056
8 0.426042 0.399306 0.041667 0.095833
2 0.388542 0.399306 0.041667 0.093056
9 0.466667 0.399306 0.043750 0.093056
8 0.503646 0.402778 0.044792 0.088889
2 0.544792 0.402778 0.045833 0.094444
1 0.579167 0.399306 0.035417 0.090278
5 0.263542 0.672917 0.045833 0.095833
0 0.304167 0.672917 0.045833 0.093056
0 0.343750 0.674306 0.043750 0.093056
8 0.419792 0.674306 0.045833 0.093056
2 0.382292 0.674306 0.045833 0.095833
9 0.460417 0.674306 0.045833 0.095833
8 0.500521 0.674306 0.044792 0.098611
2 0.541146 0.677778 0.046875 0.094444
1 0.576042 0.679167 0.039583 0.097222
5 0.257292 0.956250 0.047917 0.087500
1 0.576042 0.957639 0.039583 0.084722
2 0.538542 0.956250 0.045833 0.087500
0 0.298438 0.956250 0.046875 0.087500
8 0.497917 0.955556 0.045833 0.088889
0 0.338021 0.955556 0.046875 0.088889
8 0.416146 0.956250 0.046875 0.087500
9 0.459896 0.956250 0.044792 0.087500
2 0.379688 0.956250 0.046875 0.087500
10 0.423438 0.134722 0.353125 0.097222
10 0.425000 0.404167 0.352083 0.097222
10 0.416146 0.677778 0.359375 0.097222
10 0.413021 0.954167 0.369792 0.091667
