5 0.063542 0.205556 0.052083 0.105556
0 0.108333 0.207639 0.052083 0.109722
0 0.155208 0.209028 0.052083 0.106944
2 0.201563 0.206944 0.051042 0.108333
2 0.248438 0.211806 0.053125 0.106944
7 0.294792 0.210417 0.054167 0.104167
4 0.341667 0.210417 0.054167 0.109722
9 0.388542 0.211806 0.047917 0.104167
1 0.431771 0.209028 0.042708 0.104167
5 0.052083 0.665278 0.052083 0.105556
0 0.097917 0.664583 0.052083 0.109722
0 0.145833 0.665278 0.052083 0.105556
2 0.192188 0.665278 0.053125 0.105556
2 0.239063 0.666667 0.055208 0.108333
7 0.288021 0.661806 0.057292 0.106944
4 0.335417 0.661806 0.056250 0.104167
9 0.381771 0.661806 0.046875 0.104167
1 0.423958 0.660417 0.041667 0.106944
10 0.243229 0.208333 0.421875 0.108333
10 0.235417 0.663194 0.425000 0.115278
