5 0.244271 0.080556 0.046875 0.100000
0 0.285417 0.080556 0.047917 0.097222
0 0.325521 0.082639 0.046875 0.098611
8 0.407813 0.082639 0.044792 0.101389
8 0.486979 0.080556 0.044792 0.094444
9 0.447396 0.082639 0.044792 0.101389
2 0.367188 0.080556 0.046875 0.100000
2 0.529167 0.081944 0.045833 0.100000
1 0.563542 0.080556 0.039583 0.100000
1 0.569792 0.365278 0.037500 0.097222
2 0.533333 0.363194 0.047917 0.098611
5 0.252083 0.363889 0.047917 0.102778
8 0.491667 0.365278 0.045833 0.097222
0 0.291146 0.363194 0.046875 0.095833
0 0.332813 0.365278 0.044792 0.094444
8 0.413542 0.361806 0.045833 0.098611
9 0.454167 0.365278 0.047917 0.097222
2 0.372396 0.363194 0.046875 0.098611
8 0.498958 0.643056 0.045833 0.097222
8 0.419271 0.647917 0.046875 0.098611
9 0.460417 0.647917 0.047917 0.098611
2 0.539583 0.647917 0.047917 0.095833
1 0.576042 0.646528 0.039583 0.098611
5 0.257292 0.649306 0.047917 0.104167
0 0.338021 0.649306 0.046875 0.095833
2 0.379167 0.649306 0.047917 0.098611
0 0.297917 0.649306 0.045833 0.093056
8 0.423958 0.936806 0.045833 0.104167
8 0.503646 0.935417 0.046875 0.104167
9 0.463021 0.936806 0.046875 0.101389
2 0.544792 0.935417 0.047917 0.104167
2 0.384375 0.936806 0.050000 0.104167
1 0.582292 0.936806 0.041667 0.104167
0 0.341667 0.936806 0.045833 0.101389
0 0.301042 0.937500 0.047917 0.100000
5 0.259896 0.936806 0.048958 0.106944
10 0.401042 0.081944 0.368750 0.105556
10 0.409896 0.365972 0.367708 0.098611
10 0.415625 0.648611 0.368750 0.102778
10 0.418750 0.939583 0.368750 0.106944
