5 0.314583 0.209028 0.052083 0.104167
0 0.359896 0.209028 0.051042 0.101389
0 0.403646 0.207639 0.051042 0.101389
2 0.447917 0.205556 0.050000 0.105556
8 0.489583 0.205556 0.052083 0.102778
8 0.532292 0.204167 0.052083 0.102778
7 0.575521 0.200694 0.053125 0.104167
5 0.619792 0.202778 0.052083 0.102778
0 0.663542 0.199306 0.052083 0.101389
5 0.330208 0.659028 0.052083 0.104167
0 0.376042 0.655556 0.050000 0.102778
0 0.417708 0.655556 0.052083 0.102778
2 0.463542 0.655556 0.050000 0.102778
8 0.505729 0.649306 0.051042 0.101389
8 0.547917 0.651389 0.052083 0.102778
7 0.591146 0.649306 0.053125 0.104167
5 0.635417 0.649306 0.052083 0.104167
0 0.679688 0.647917 0.053125 0.104167
10 0.486979 0.204861 0.403125 0.112500
10 0.504167 0.656250 0.408333 0.118056
