5 0.041667 0.101389 0.037500 0.088889
0 0.083854 0.100694 0.042708 0.090278
0 0.125521 0.104167 0.042708 0.091667
0 0.294271 0.104167 0.046875 0.094444
5 0.338542 0.103472 0.043750 0.087500
2 0.166146 0.105556 0.042708 0.097222
7 0.249479 0.105556 0.048958 0.094444
3 0.207292 0.105556 0.041667 0.094444
1 0.379688 0.105556 0.040625 0.094444
5 0.348438 0.385417 0.040625 0.095833
0 0.306771 0.384722 0.040625 0.100000
0 0.138021 0.386806 0.042708 0.093056
0 0.094792 0.386806 0.043750 0.087500
2 0.179167 0.386806 0.043750 0.090278
1 0.390104 0.386806 0.036458 0.095833
5 0.050521 0.386806 0.044792 0.087500
3 0.218229 0.386806 0.038542 0.090278
7 0.259896 0.386806 0.048958 0.090278
1 0.382292 0.668056 0.039583 0.097222
5 0.341667 0.668056 0.043750 0.094444
0 0.299479 0.668056 0.048958 0.097222
7 0.251042 0.668056 0.047917 0.100000
3 0.210417 0.671528 0.043750 0.095833
5 0.039583 0.672917 0.045833 0.095833
0 0.084896 0.672917 0.044792 0.098611
2 0.169792 0.672917 0.045833 0.087500
0 0.127083 0.672917 0.041667 0.093056
1 0.372917 0.952778 0.041667 0.094444
5 0.333854 0.955556 0.042708 0.088889
7 0.244271 0.953472 0.053125 0.087500
0 0.289062 0.954167 0.046875 0.091667
3 0.198958 0.955556 0.045833 0.086111
2 0.158854 0.957639 0.048958 0.084722
0 0.116146 0.959028 0.044792 0.081944
0 0.073438 0.959028 0.044792 0.081944
5 0.028646 0.960417 0.044792 0.079167
10 0.210938 0.105556 0.388542 0.105556
10 0.217188 0.388194 0.388542 0.104167
10 0.210417 0.674306 0.389583 0.104167
10 0.202604 0.953472 0.394792 0.093056
