5 0.132292 0.248438 0.068750 0.084375
0 0.191667 0.249219 0.066667 0.079687
0 0.246875 0.246875 0.068750 0.078125
2 0.307292 0.249219 0.064583 0.079687
8 0.362500 0.246875 0.062500 0.078125
9 0.420833 0.248438 0.062500 0.078125
8 0.478125 0.246094 0.068750 0.079687
2 0.536458 0.246094 0.068750 0.079687
1 0.589583 0.246094 0.054167 0.076563
5 0.144792 0.478125 0.072917 0.078125
0 0.204167 0.478125 0.066667 0.078125
0 0.259375 0.478125 0.068750 0.078125
2 0.317708 0.478125 0.068750 0.078125
8 0.375000 0.477344 0.062500 0.079687
9 0.433333 0.477344 0.062500 0.079687
8 0.489583 0.475000 0.062500 0.078125
2 0.551042 0.477344 0.064583 0.079687
1 0.602083 0.475000 0.062500 0.078125
5 0.146875 0.712500 0.077083 0.081250
0 0.210417 0.711719 0.066667 0.079687
0 0.269792 0.711719 0.068750 0.079687
2 0.328125 0.709375 0.068750 0.078125
8 0.383333 0.708594 0.062500 0.079687
9 0.442708 0.708594 0.068750 0.079687
8 0.504167 0.705469 0.066667 0.079687
2 0.559375 0.706250 0.068750 0.081250
1 0.614583 0.706250 0.062500 0.081250
5 0.147917 0.950000 0.075000 0.087500
0 0.207292 0.950000 0.068750 0.081250
0 0.265625 0.949219 0.068750 0.082812
2 0.329167 0.949219 0.070833 0.085938
8 0.384375 0.946875 0.068750 0.081250
9 0.442708 0.946875 0.068750 0.081250
8 0.503125 0.946094 0.068750 0.082812
2 0.565625 0.946875 0.068750 0.081250
1 0.619792 0.946875 0.068750 0.084375
10 0.359375 0.249219 0.531250 0.085938
10 0.370833 0.482031 0.537500 0.085938
10 0.379167 0.711719 0.545833 0.085938
10 0.382292 0.953125 0.552083 0.093750
