2 0.212782 0.028935 0.025391 0.049190
0 0.236220 0.029225 0.023655 0.047454
9 0.259766 0.029659 0.023872 0.047164
0 0.189562 0.029803 0.023655 0.047454
9 0.282878 0.029659 0.024089 0.046586
0 0.306749 0.029948 0.025391 0.047743
0 0.166667 0.030382 0.023438 0.048611
1 0.328885 0.030527 0.020616 0.049479
5 0.143446 0.030671 0.024306 0.047454
5 0.145074 0.188657 0.023655 0.046875
0 0.168294 0.188947 0.023220 0.047454
0 0.190755 0.189091 0.023872 0.047743
0 0.237196 0.189236 0.022569 0.048032
2 0.213759 0.189525 0.025174 0.048032
9 0.260525 0.189670 0.022786 0.048900
9 0.283312 0.190104 0.022786 0.047454
0 0.306207 0.190394 0.024306 0.049190
1 0.328234 0.190683 0.020182 0.048611
5 0.145182 0.343605 0.023003 0.045428
0 0.168620 0.343895 0.023003 0.046586
0 0.190321 0.344039 0.024306 0.048032
0 0.236762 0.344473 0.023438 0.046007
9 0.260525 0.344763 0.022352 0.044850
2 0.212891 0.344763 0.025174 0.047743
9 0.282335 0.344763 0.022569 0.043113
0 0.304796 0.345052 0.024523 0.046007
1 0.327148 0.345341 0.021484 0.044850
0 0.305881 0.495804 0.024089 0.046586
0 0.238173 0.495949 0.021484 0.045718
9 0.283637 0.495949 0.021701 0.044560
9 0.261393 0.496238 0.022352 0.045718
5 0.146918 0.496383 0.024306 0.045428
1 0.327908 0.496383 0.020399 0.044850
0 0.192600 0.496528 0.022352 0.045139
0 0.170030 0.496672 0.024089 0.047164
2 0.215386 0.496962 0.024957 0.046586
0 0.304905 0.643374 0.023872 0.045428
1 0.325955 0.643519 0.020833 0.043981
0 0.237630 0.643663 0.022135 0.044850
9 0.282227 0.643663 0.021918 0.043692
0 0.192925 0.643953 0.023438 0.044850
2 0.215061 0.643808 0.024740 0.046296
9 0.260959 0.643808 0.021484 0.045139
5 0.150065 0.644965 0.022352 0.043981
0 0.171332 0.645399 0.023220 0.044271
1 0.323893 0.786892 0.018446 0.044271
0 0.304036 0.787182 0.023003 0.043113
9 0.259332 0.787326 0.022135 0.045139
9 0.281467 0.787182 0.022135 0.043692
0 0.236545 0.787471 0.021267 0.044850
5 0.150174 0.787616 0.021267 0.043403
0 0.192817 0.787760 0.022786 0.042535
2 0.215386 0.787760 0.024957 0.045428
0 0.171224 0.787905 0.022569 0.045139
9 0.280165 0.926649 0.022569 0.042535
1 0.321940 0.926794 0.020182 0.043403
0 0.236545 0.926939 0.022569 0.045428
9 0.258572 0.927083 0.021918 0.043981
0 0.302409 0.927083 0.024089 0.042245
5 0.151476 0.927083 0.023003 0.039931
2 0.214193 0.927517 0.023438 0.046007
0 0.171766 0.927662 0.023220 0.042824
0 0.193034 0.927662 0.022786 0.046296
10 0.234809 0.031395 0.212674 0.057002
10 0.235786 0.189815 0.210286 0.056713
10 0.236437 0.345486 0.209418 0.053819
10 0.236437 0.496383 0.207682 0.052373
10 0.238064 0.644387 0.204427 0.050347
10 0.236871 0.787326 0.199436 0.049190
10 0.236654 0.928385 0.196832 0.048322
