5 0.360417 0.277083 0.047917 0.098611
0 0.401042 0.280556 0.045833 0.097222
0 0.442188 0.280556 0.048958 0.094444
2 0.485417 0.284028 0.045833 0.098611
8 0.526042 0.280556 0.045833 0.097222
3 0.567708 0.282639 0.047917 0.098611
8 0.610417 0.284028 0.047917 0.101389
7 0.651042 0.284028 0.052083 0.098611
3 0.694792 0.281944 0.052083 0.097222
5 0.347917 0.711806 0.052083 0.104167
0 0.391667 0.711806 0.047917 0.101389
0 0.435417 0.713889 0.050000 0.100000
2 0.478125 0.713194 0.050000 0.104167
8 0.519271 0.715278 0.048958 0.105556
3 0.562500 0.711806 0.050000 0.104167
8 0.605208 0.714583 0.052083 0.101389
7 0.648958 0.718056 0.052083 0.102778
3 0.694271 0.718056 0.051042 0.102778
10 0.527604 0.282639 0.392708 0.104167
10 0.521875 0.715972 0.404167 0.109722
