5 0.057292 0.236806 0.054167 0.104167
0 0.100521 0.238889 0.051042 0.100000
0 0.144792 0.236806 0.052083 0.101389
2 0.192188 0.241667 0.053125 0.102778
8 0.234896 0.236806 0.048958 0.101389
3 0.278646 0.238194 0.048958 0.101389
8 0.322396 0.240278 0.048958 0.102778
7 0.366146 0.240278 0.051042 0.102778
3 0.410417 0.240278 0.052083 0.105556
5 0.047396 0.690278 0.053125 0.108333
0 0.092188 0.686806 0.053125 0.104167
0 0.135937 0.686806 0.051042 0.106944
2 0.182292 0.686806 0.052083 0.104167
8 0.226042 0.686806 0.052083 0.104167
3 0.270313 0.686806 0.053125 0.106944
8 0.313542 0.685417 0.052083 0.104167
7 0.357292 0.685417 0.054167 0.106944
3 0.404167 0.684028 0.052083 0.106944
10 0.230208 0.240278 0.408333 0.111111
10 0.223958 0.686111 0.414583 0.108333
