5 0.057292 0.129167 0.045833 0.094444
0 0.097396 0.130556 0.046875 0.094444
0 0.138542 0.130556 0.043750 0.094444
2 0.180208 0.130556 0.045833 0.094444
0 0.222917 0.130556 0.045833 0.094444
9 0.263542 0.130556 0.045833 0.094444
9 0.304688 0.130556 0.046875 0.094444
0 0.344792 0.134028 0.047917 0.093056
1 0.385417 0.134028 0.043750 0.093056
5 0.048958 0.409028 0.047917 0.093056
0 0.091667 0.409028 0.045833 0.093056
0 0.132292 0.409028 0.045833 0.095833
2 0.172396 0.409028 0.046875 0.093056
0 0.216146 0.410417 0.046875 0.095833
9 0.254688 0.409028 0.044792 0.093056
9 0.298438 0.409028 0.046875 0.093056
0 0.338542 0.409028 0.045833 0.093056
1 0.377604 0.409028 0.042708 0.093056
5 0.042188 0.686806 0.046875 0.098611
0 0.084896 0.686806 0.048958 0.095833
0 0.125521 0.686806 0.046875 0.095833
2 0.166146 0.686806 0.048958 0.095833
0 0.208333 0.686806 0.047917 0.095833
9 0.250521 0.685417 0.048958 0.098611
9 0.291146 0.685417 0.048958 0.095833
0 0.332813 0.681944 0.048958 0.097222
1 0.372917 0.681944 0.041667 0.094444
10 0.219792 0.131944 0.377083 0.102778
10 0.210417 0.409722 0.381250 0.097222
10 0.206771 0.688194 0.382292 0.101389
