5 0.404167 0.081944 0.047917 0.100000
5 0.103646 0.086806 0.051042 0.104167
0 0.361458 0.085417 0.052083 0.101389
1 0.447396 0.081944 0.048958 0.100000
7 0.314063 0.083333 0.053125 0.100000
0 0.148438 0.086806 0.051042 0.101389
0 0.191667 0.086806 0.050000 0.095833
3 0.273438 0.086806 0.048958 0.098611
2 0.232813 0.088889 0.048958 0.100000
5 0.416667 0.368056 0.045833 0.097222
1 0.460938 0.368056 0.046875 0.097222
0 0.376042 0.371528 0.050000 0.101389
7 0.329688 0.368056 0.053125 0.097222
3 0.288542 0.374306 0.045833 0.095833
2 0.247917 0.374306 0.047917 0.095833
0 0.206771 0.374306 0.048958 0.095833
0 0.163542 0.374306 0.050000 0.098611
5 0.119271 0.374306 0.051042 0.098611
1 0.457292 0.650694 0.045833 0.101389
5 0.413542 0.655556 0.045833 0.097222
0 0.372917 0.655556 0.047917 0.100000
7 0.325521 0.655556 0.051042 0.097222
3 0.283333 0.660417 0.045833 0.098611
2 0.243750 0.661806 0.050000 0.098611
0 0.201563 0.661806 0.048958 0.098611
0 0.158333 0.661806 0.047917 0.098611
5 0.113021 0.661806 0.048958 0.101389
5 0.408854 0.947917 0.048958 0.104167
1 0.454167 0.943056 0.052083 0.111111
0 0.369271 0.947917 0.051042 0.101389
7 0.319792 0.949306 0.052083 0.101389
3 0.278125 0.952778 0.043750 0.094444
2 0.238021 0.952778 0.048958 0.094444
0 0.194792 0.952778 0.043750 0.094444
0 0.150521 0.952778 0.051042 0.094444
5 0.107292 0.950694 0.050000 0.090278
10 0.276042 0.086806 0.400000 0.106944
10 0.288021 0.375694 0.394792 0.104167
10 0.283854 0.661806 0.394792 0.112500
10 0.278646 0.945139 0.398958 0.109722
