5 0.586458 0.241667 0.052083 0.105556
0 0.631771 0.240278 0.051042 0.100000
0 0.672917 0.238889 0.050000 0.100000
2 0.716146 0.240278 0.053125 0.105556
8 0.760417 0.236806 0.052083 0.104167
3 0.804688 0.235417 0.053125 0.106944
8 0.847396 0.234028 0.053125 0.104167
7 0.894792 0.231944 0.054167 0.105556
3 0.941667 0.230556 0.056250 0.105556
5 0.584896 0.686806 0.048958 0.104167
0 0.628646 0.686806 0.051042 0.104167
0 0.670833 0.686806 0.052083 0.104167
2 0.716667 0.686806 0.052083 0.106944
8 0.759896 0.686806 0.053125 0.106944
3 0.804688 0.685417 0.053125 0.106944
8 0.847917 0.685417 0.052083 0.106944
7 0.894271 0.686806 0.055208 0.106944
3 0.941667 0.686806 0.054167 0.106944
10 0.766667 0.236806 0.416667 0.109722
10 0.761458 0.686806 0.412500 0.112500
