5 0.321875 0.243056 0.050000 0.102778
0 0.364063 0.243056 0.048958 0.105556
0 0.408333 0.241667 0.052083 0.102778
2 0.451042 0.241667 0.050000 0.100000
8 0.494792 0.236806 0.050000 0.101389
3 0.538021 0.236806 0.048958 0.106944
8 0.580208 0.235417 0.047917 0.104167
7 0.623958 0.234028 0.052083 0.106944
3 0.669792 0.230556 0.050000 0.105556
5 0.322917 0.693056 0.052083 0.105556
0 0.369271 0.691667 0.048958 0.105556
0 0.413542 0.686806 0.050000 0.106944
2 0.457813 0.686806 0.051042 0.104167
8 0.500000 0.686806 0.050000 0.106944
3 0.542708 0.685417 0.052083 0.104167
8 0.585417 0.684028 0.047917 0.104167
7 0.630208 0.680556 0.054167 0.105556
3 0.676042 0.680556 0.054167 0.105556
10 0.495833 0.238889 0.406250 0.111111
10 0.498958 0.688889 0.410417 0.116667
