5 0.523438 0.129167 0.046875 0.094444
0 0.564063 0.127778 0.046875 0.097222
0 0.604688 0.125694 0.046875 0.093056
2 0.644792 0.129167 0.047917 0.094444
0 0.684896 0.125694 0.046875 0.093056
9 0.729167 0.127778 0.047917 0.097222
9 0.769271 0.124306 0.048958 0.093056
0 0.811458 0.122917 0.047917 0.093056
1 0.851042 0.124306 0.043750 0.095833
5 0.516667 0.405556 0.045833 0.094444
0 0.557813 0.405556 0.044792 0.094444
0 0.597396 0.409028 0.042708 0.095833
2 0.638021 0.405556 0.044792 0.094444
0 0.679167 0.405556 0.043750 0.094444
9 0.719792 0.405556 0.043750 0.094444
9 0.760938 0.405556 0.044792 0.094444
0 0.804167 0.405556 0.047917 0.094444
1 0.844792 0.405556 0.043750 0.094444
5 0.513542 0.686806 0.043750 0.090278
0 0.554167 0.686806 0.045833 0.093056
0 0.594792 0.686806 0.045833 0.095833
2 0.635417 0.686806 0.045833 0.095833
0 0.675521 0.686806 0.046875 0.095833
9 0.719792 0.686806 0.047917 0.095833
9 0.760417 0.686806 0.047917 0.095833
0 0.804688 0.686806 0.051042 0.093056
1 0.841667 0.686806 0.039583 0.093056
10 0.685937 0.128472 0.384375 0.101389
10 0.679167 0.406250 0.377083 0.098611
10 0.677604 0.686806 0.380208 0.095833
