5 0.078646 0.124306 0.046875 0.095833
0 0.120833 0.124306 0.047917 0.095833
0 0.163021 0.124306 0.046875 0.095833
2 0.204167 0.125694 0.047917 0.098611
0 0.245833 0.125694 0.047917 0.093056
9 0.288021 0.125694 0.046875 0.098611
9 0.329688 0.125694 0.048958 0.095833
0 0.371875 0.129167 0.050000 0.097222
1 0.409896 0.129167 0.040625 0.094444
5 0.072917 0.405556 0.047917 0.097222
0 0.116146 0.405556 0.048958 0.100000
0 0.156771 0.405556 0.046875 0.097222
2 0.200521 0.405556 0.048958 0.097222
0 0.242188 0.405556 0.048958 0.094444
9 0.282292 0.405556 0.047917 0.097222
9 0.323958 0.405556 0.047917 0.094444
0 0.366667 0.407639 0.047917 0.098611
1 0.406250 0.405556 0.043750 0.094444
5 0.066146 0.690278 0.048958 0.100000
0 0.109375 0.690278 0.050000 0.100000
0 0.150521 0.688889 0.046875 0.097222
2 0.191667 0.688889 0.047917 0.100000
0 0.234896 0.686806 0.048958 0.095833
9 0.276042 0.686806 0.050000 0.098611
9 0.319271 0.686806 0.048958 0.098611
0 0.360417 0.681944 0.047917 0.097222
1 0.400521 0.685417 0.042708 0.098611
10 0.242188 0.127778 0.378125 0.097222
10 0.238542 0.408333 0.381250 0.097222
10 0.231771 0.690278 0.386458 0.102778
