5 0.338542 0.230556 0.050000 0.105556
0 0.382292 0.230556 0.050000 0.105556
0 0.423958 0.232639 0.052083 0.101389
2 0.466667 0.230556 0.052083 0.102778
8 0.510938 0.230556 0.051042 0.102778
3 0.554688 0.230556 0.051042 0.105556
8 0.596875 0.230556 0.050000 0.105556
7 0.639583 0.227083 0.052083 0.101389
3 0.684896 0.230556 0.053125 0.105556
5 0.334896 0.679167 0.051042 0.108333
0 0.377604 0.679167 0.051042 0.105556
0 0.420833 0.677778 0.052083 0.105556
2 0.464583 0.677778 0.052083 0.105556
8 0.509375 0.677778 0.050000 0.105556
3 0.552083 0.674306 0.052083 0.106944
8 0.596875 0.674306 0.050000 0.104167
7 0.638542 0.676389 0.052083 0.102778
3 0.685417 0.674306 0.052083 0.104167
10 0.511458 0.230556 0.406250 0.108333
10 0.509896 0.678472 0.409375 0.112500
