5 0.364063 0.125694 0.044792 0.095833
0 0.403646 0.125694 0.046875 0.095833
0 0.444792 0.129167 0.045833 0.094444
2 0.485938 0.130556 0.046875 0.097222
0 0.526042 0.129167 0.045833 0.094444
9 0.566667 0.127083 0.047917 0.098611
9 0.609896 0.129167 0.048958 0.097222
0 0.651563 0.125694 0.048958 0.093056
1 0.688542 0.127778 0.041667 0.091667
5 0.357292 0.405556 0.045833 0.094444
0 0.397917 0.405556 0.045833 0.094444
0 0.439063 0.405556 0.042708 0.091667
2 0.478646 0.409028 0.046875 0.093056
0 0.519271 0.407639 0.044792 0.090278
9 0.560417 0.405556 0.045833 0.094444
9 0.601042 0.405556 0.045833 0.094444
0 0.644792 0.405556 0.047917 0.094444
1 0.682292 0.405556 0.041667 0.094444
5 0.350521 0.688889 0.046875 0.097222
0 0.394271 0.686806 0.046875 0.095833
0 0.434896 0.686806 0.044792 0.095833
2 0.475521 0.686806 0.044792 0.095833
0 0.517188 0.685417 0.046875 0.093056
9 0.557292 0.685417 0.045833 0.093056
9 0.597917 0.685417 0.047917 0.095833
0 0.641667 0.685417 0.047917 0.095833
1 0.681250 0.685417 0.043750 0.093056
10 0.525521 0.129167 0.373958 0.100000
10 0.519271 0.408333 0.373958 0.097222
10 0.516146 0.689583 0.382292 0.098611
