4 0.839844 0.112500 0.070312 0.137500
6 0.777344 0.116667 0.067187 0.137500
8 0.896875 0.113542 0.062500 0.139583
1 0.950000 0.108333 0.059375 0.137500
2 0.718750 0.119792 0.065625 0.135417
5 0.487500 0.119792 0.065625 0.139583
2 0.661719 0.118750 0.064062 0.137500
0 0.546094 0.119792 0.064062 0.135417
0 0.603125 0.119792 0.062500 0.135417
1 0.956250 0.690625 0.050000 0.131250
6 0.787500 0.696875 0.065625 0.131250
2 0.728125 0.704167 0.068750 0.129167
2 0.671875 0.700000 0.062500 0.125000
0 0.612500 0.704167 0.062500 0.125000
0 0.558594 0.703125 0.064062 0.131250
5 0.499219 0.703125 0.064062 0.131250
4 0.846875 0.695833 0.065625 0.125000
8 0.906250 0.697917 0.065625 0.133333
10 0.716406 0.117708 0.529687 0.143750
10 0.726562 0.698958 0.525000 0.143750
