5 0.492708 0.211806 0.045833 0.101389
0 0.538021 0.211806 0.046875 0.101389
0 0.582292 0.211806 0.047917 0.104167
2 0.625521 0.211806 0.046875 0.101389
2 0.672396 0.211806 0.051042 0.101389
7 0.720313 0.211806 0.053125 0.101389
4 0.766667 0.210417 0.054167 0.104167
9 0.814583 0.209028 0.047917 0.106944
1 0.857292 0.205556 0.047917 0.105556
5 0.493229 0.661806 0.048958 0.104167
0 0.538542 0.663194 0.047917 0.104167
0 0.581771 0.663194 0.046875 0.104167
2 0.626563 0.663194 0.046875 0.104167
2 0.673438 0.663194 0.051042 0.106944
7 0.721354 0.661806 0.055208 0.106944
4 0.769792 0.661806 0.056250 0.109722
9 0.817708 0.661806 0.047917 0.106944
1 0.863021 0.661806 0.051042 0.109722
10 0.675521 0.209722 0.419792 0.111111
10 0.679167 0.662500 0.429167 0.116667
