5 0.585417 0.099306 0.045833 0.098611
0 0.544271 0.094444 0.046875 0.100000
1 0.626563 0.097917 0.046875 0.101389
7 0.500000 0.099306 0.050000 0.098611
5 0.294271 0.101389 0.046875 0.097222
0 0.378646 0.101389 0.046875 0.097222
3 0.457813 0.099306 0.044792 0.098611
0 0.335938 0.099306 0.046875 0.098611
2 0.416667 0.099306 0.045833 0.098611
0 0.547396 0.380556 0.046875 0.097222
5 0.587500 0.380556 0.043750 0.094444
7 0.501563 0.380556 0.048958 0.097222
1 0.628646 0.379167 0.046875 0.094444
5 0.297396 0.382639 0.048958 0.098611
0 0.338542 0.382639 0.047917 0.098611
0 0.379688 0.380556 0.048958 0.097222
3 0.460938 0.380556 0.046875 0.097222
2 0.419271 0.384028 0.046875 0.095833
5 0.581771 0.661806 0.046875 0.095833
0 0.542188 0.661806 0.048958 0.104167
1 0.625521 0.661806 0.048958 0.101389
7 0.494271 0.661806 0.051042 0.095833
0 0.372917 0.665278 0.047917 0.097222
3 0.454688 0.661806 0.046875 0.095833
5 0.288542 0.661806 0.047917 0.098611
0 0.332292 0.665278 0.050000 0.102778
2 0.413542 0.666667 0.047917 0.097222
0 0.535417 0.951389 0.052083 0.097222
7 0.489063 0.949306 0.053125 0.095833
5 0.575521 0.949306 0.046875 0.098611
1 0.619792 0.949306 0.047917 0.101389
3 0.447396 0.952778 0.046875 0.094444
2 0.407292 0.952778 0.047917 0.094444
5 0.280208 0.952778 0.052083 0.094444
0 0.367188 0.949306 0.048958 0.095833
0 0.322917 0.949306 0.047917 0.095833
10 0.459896 0.100000 0.388542 0.105556
10 0.460938 0.381944 0.388542 0.102778
10 0.458854 0.666667 0.396875 0.108333
10 0.447917 0.947917 0.395833 0.104167
