5 0.470833 0.206944 0.045833 0.102778
0 0.516667 0.209028 0.047917 0.106944
0 0.560417 0.210417 0.045833 0.104167
2 0.603646 0.210417 0.048958 0.104167
2 0.647917 0.209028 0.052083 0.104167
7 0.697917 0.205556 0.056250 0.105556
4 0.744792 0.205556 0.056250 0.105556
9 0.793229 0.205556 0.051042 0.105556
1 0.838021 0.204167 0.051042 0.111111
5 0.472917 0.661806 0.047917 0.104167
0 0.517188 0.661806 0.051042 0.109722
0 0.560417 0.661806 0.047917 0.106944
2 0.607292 0.661806 0.050000 0.104167
2 0.652083 0.661806 0.052083 0.106944
7 0.699479 0.661806 0.055208 0.106944
4 0.750000 0.660417 0.056250 0.106944
9 0.797917 0.661806 0.054167 0.106944
1 0.839063 0.660417 0.048958 0.106944
10 0.653646 0.205556 0.419792 0.111111
10 0.656771 0.661806 0.423958 0.115278
