5 0.025521 0.201389 0.046875 0.102778
0 0.072917 0.202778 0.047917 0.100000
0 0.120833 0.202778 0.045833 0.100000
2 0.166667 0.202083 0.047917 0.101389
2 0.216146 0.200694 0.051042 0.104167
7 0.266667 0.199306 0.054167 0.106944
4 0.312500 0.199306 0.056250 0.106944
9 0.360417 0.200694 0.052083 0.104167
1 0.401042 0.202778 0.045833 0.111111
5 0.023438 0.668056 0.044792 0.105556
0 0.069792 0.668056 0.050000 0.105556
0 0.116667 0.668056 0.050000 0.102778
2 0.163021 0.668056 0.048958 0.105556
2 0.210417 0.663194 0.050000 0.104167
7 0.259896 0.661806 0.055208 0.106944
4 0.309896 0.660417 0.057292 0.106944
9 0.357292 0.661806 0.047917 0.109722
1 0.401042 0.656944 0.045833 0.113889
10 0.215625 0.200694 0.429167 0.118056
10 0.213021 0.662500 0.423958 0.125000
