4 0.517969 0.140625 0.079687 0.139583
2 0.273438 0.145833 0.068750 0.137500
6 0.330469 0.147917 0.064062 0.133333
9 0.452344 0.142708 0.067187 0.131250
0 0.153125 0.143750 0.065625 0.137500
0 0.093750 0.143750 0.068750 0.137500
7 0.390625 0.142708 0.071875 0.131250
2 0.212500 0.145833 0.065625 0.137500
5 0.034375 0.142708 0.065625 0.131250
4 0.526563 0.706250 0.075000 0.137500
6 0.343750 0.719792 0.062500 0.131250
7 0.403125 0.716667 0.068750 0.133333
2 0.286719 0.722917 0.067187 0.133333
2 0.230469 0.720833 0.067187 0.125000
0 0.171094 0.723958 0.064062 0.131250
0 0.112500 0.725000 0.065625 0.125000
5 0.052344 0.727083 0.067187 0.137500
9 0.464844 0.712500 0.064062 0.133333
10 0.281250 0.145833 0.559375 0.141667
10 0.293750 0.718750 0.553125 0.154167
