5 0.147917 0.068056 0.047917 0.100000
0 0.188021 0.069444 0.046875 0.100000
0 0.230208 0.072917 0.047917 0.098611
2 0.272917 0.074306 0.047917 0.098611
8 0.313021 0.070833 0.046875 0.097222
9 0.354167 0.074306 0.045833 0.095833
8 0.394271 0.074306 0.046875 0.101389
2 0.434896 0.074306 0.046875 0.098611
0 0.473438 0.074306 0.044792 0.098611
5 0.147917 0.362500 0.047917 0.100000
0 0.188021 0.360417 0.048958 0.093056
0 0.229167 0.361806 0.047917 0.095833
2 0.270313 0.361806 0.046875 0.095833
8 0.309896 0.361806 0.046875 0.095833
9 0.351042 0.360417 0.047917 0.093056
8 0.391667 0.360417 0.045833 0.095833
2 0.432292 0.361806 0.047917 0.095833
0 0.471354 0.361806 0.044792 0.095833
5 0.151042 0.647917 0.047917 0.095833
0 0.192188 0.645833 0.048958 0.100000
0 0.232292 0.647917 0.047917 0.098611
2 0.273438 0.647917 0.048958 0.095833
8 0.314583 0.643056 0.047917 0.097222
9 0.354167 0.643056 0.047917 0.097222
8 0.395313 0.643056 0.048958 0.097222
2 0.435417 0.643056 0.047917 0.097222
0 0.475521 0.643056 0.046875 0.094444
5 0.147917 0.938194 0.047917 0.098611
0 0.188542 0.940278 0.047917 0.097222
0 0.230208 0.940278 0.047917 0.100000
2 0.272396 0.940278 0.046875 0.097222
8 0.313542 0.937500 0.047917 0.100000
9 0.353646 0.936806 0.048958 0.098611
8 0.394792 0.935417 0.047917 0.098611
2 0.435417 0.936806 0.047917 0.104167
0 0.476042 0.935417 0.045833 0.095833
10 0.310937 0.072222 0.378125 0.113889
10 0.309896 0.361806 0.376042 0.106944
10 0.311458 0.645833 0.379167 0.102778
10 0.310417 0.936806 0.383333 0.112500
