5 0.351042 0.194444 0.052083 0.102778
0 0.394792 0.199306 0.052083 0.104167
0 0.438542 0.199306 0.047917 0.101389
2 0.482292 0.204167 0.047917 0.102778
8 0.522917 0.204167 0.047917 0.102778
8 0.566667 0.202083 0.047917 0.101389
7 0.610938 0.207639 0.053125 0.101389
5 0.654167 0.207639 0.050000 0.101389
0 0.694792 0.207639 0.047917 0.098611
5 0.350521 0.640278 0.051042 0.102778
0 0.394792 0.641667 0.050000 0.105556
0 0.438542 0.643056 0.047917 0.105556
2 0.482292 0.643056 0.047917 0.105556
8 0.525521 0.643056 0.048958 0.102778
8 0.566667 0.643056 0.052083 0.105556
7 0.610417 0.647917 0.052083 0.106944
5 0.654167 0.647917 0.052083 0.104167
0 0.697917 0.649306 0.050000 0.106944
10 0.522917 0.202778 0.402083 0.113889
10 0.522917 0.645833 0.406250 0.116667
