5 0.175521 0.213194 0.053125 0.101389
0 0.219792 0.218056 0.050000 0.097222
0 0.265625 0.218056 0.050000 0.100000
2 0.309375 0.220139 0.050000 0.098611
8 0.350521 0.218056 0.048958 0.097222
8 0.393229 0.218056 0.048958 0.102778
7 0.435417 0.218056 0.052083 0.100000
5 0.481771 0.220139 0.051042 0.101389
0 0.522917 0.218056 0.052083 0.100000
5 0.182292 0.661806 0.052083 0.104167
0 0.226042 0.665278 0.047917 0.102778
0 0.270833 0.661806 0.052083 0.104167
2 0.313542 0.665278 0.047917 0.102778
8 0.357292 0.661806 0.047917 0.101389
8 0.401042 0.661806 0.050000 0.104167
7 0.444792 0.661806 0.052083 0.104167
5 0.488542 0.661806 0.050000 0.104167
0 0.532813 0.658333 0.051042 0.100000
10 0.347917 0.218056 0.408333 0.111111
10 0.356771 0.665278 0.413542 0.105556
