5 0.285938 0.243056 0.051042 0.108333
0 0.329688 0.243056 0.048958 0.102778
0 0.372396 0.243056 0.051042 0.100000
2 0.416146 0.243056 0.051042 0.105556
8 0.457292 0.241667 0.050000 0.102778
3 0.501563 0.241667 0.051042 0.105556
8 0.544271 0.240278 0.048958 0.102778
7 0.587500 0.238194 0.050000 0.104167
3 0.632292 0.243056 0.052083 0.105556
5 0.278646 0.686806 0.051042 0.104167
0 0.322917 0.686806 0.052083 0.104167
0 0.366667 0.686806 0.050000 0.104167
2 0.410417 0.686806 0.052083 0.106944
8 0.453646 0.686806 0.051042 0.106944
3 0.497396 0.685417 0.051042 0.106944
8 0.540625 0.685417 0.050000 0.104167
7 0.583333 0.685417 0.052083 0.101389
3 0.629167 0.686806 0.050000 0.104167
10 0.459375 0.241667 0.402083 0.108333
10 0.453125 0.688194 0.406250 0.109722
