5 0.291667 0.099306 0.047917 0.101389
5 0.582292 0.099306 0.043750 0.093056
1 0.622917 0.099306 0.045833 0.098611
0 0.542188 0.102778 0.048958 0.100000
0 0.335417 0.099306 0.045833 0.098611
0 0.376042 0.099306 0.045833 0.095833
3 0.455208 0.104167 0.045833 0.094444
2 0.416667 0.104167 0.045833 0.097222
7 0.497396 0.101389 0.051042 0.100000
0 0.544271 0.380556 0.046875 0.097222
5 0.585417 0.380556 0.045833 0.094444
5 0.294792 0.381944 0.047917 0.097222
7 0.500521 0.380556 0.051042 0.094444
1 0.626042 0.380556 0.045833 0.094444
0 0.338542 0.385417 0.045833 0.095833
3 0.457813 0.380556 0.044792 0.097222
0 0.379167 0.385417 0.045833 0.095833
2 0.419792 0.381944 0.043750 0.097222
5 0.579167 0.661806 0.045833 0.095833
0 0.538542 0.665278 0.047917 0.097222
1 0.620313 0.661806 0.044792 0.098611
7 0.491667 0.661806 0.047917 0.095833
5 0.288542 0.668056 0.047917 0.097222
3 0.451042 0.666667 0.043750 0.094444
0 0.329167 0.668056 0.047917 0.097222
0 0.372917 0.668056 0.045833 0.097222
2 0.413021 0.668056 0.044792 0.097222
0 0.535417 0.951389 0.050000 0.097222
5 0.575521 0.951389 0.046875 0.097222
7 0.488542 0.949306 0.052083 0.095833
1 0.620313 0.949306 0.046875 0.095833
3 0.444792 0.952778 0.045833 0.094444
0 0.364063 0.954167 0.048958 0.091667
2 0.406771 0.954167 0.046875 0.091667
5 0.279167 0.955556 0.045833 0.088889
0 0.322396 0.954167 0.048958 0.091667
10 0.457292 0.103472 0.383333 0.104167
10 0.460938 0.384028 0.382292 0.098611
10 0.452604 0.668056 0.376042 0.097222
10 0.447917 0.950694 0.393750 0.095833
