5 0.314670 0.093750 0.019097 0.037037
0 0.331489 0.093895 0.018012 0.037905
0 0.348633 0.094763 0.017144 0.037326
9 0.398220 0.096933 0.017795 0.040509
0 0.447157 0.099682 0.018012 0.039641
2 0.430122 0.098958 0.019531 0.040509
5 0.312391 0.210793 0.018446 0.038484
0 0.329102 0.212674 0.018446 0.038194
2 0.361871 0.213831 0.019314 0.039352
8 0.410373 0.214699 0.017361 0.038773
9 0.394531 0.214699 0.016493 0.038194
2 0.426215 0.216146 0.019097 0.040509
0 0.443142 0.216725 0.017795 0.038194
5 0.314128 0.326389 0.018012 0.037037
0 0.329970 0.327402 0.019314 0.036169
2 0.361545 0.328704 0.017795 0.037037
8 0.378472 0.329572 0.017795 0.038773
9 0.394423 0.329427 0.017578 0.037905
8 0.409939 0.329861 0.017795 0.039352
0 0.441732 0.331453 0.018446 0.038484
5 0.312174 0.438223 0.019314 0.037905
0 0.328451 0.437500 0.018446 0.038773
2 0.360786 0.439670 0.018880 0.037326
9 0.391710 0.438947 0.017795 0.037037
0 0.438477 0.441262 0.017578 0.035880
5 0.311523 0.545718 0.019314 0.036458
0 0.327365 0.545428 0.017144 0.035301
2 0.358832 0.545862 0.018446 0.037905
8 0.374457 0.545284 0.018012 0.036169
0 0.431641 0.648438 0.018229 0.037616
5 0.309896 0.649161 0.017361 0.035590
9 0.385959 0.649161 0.017144 0.036748
8 0.371094 0.648727 0.017795 0.037037
0 0.340169 0.650029 0.017578 0.037326
2 0.355794 0.649161 0.018446 0.035590
0 0.428385 0.749855 0.017795 0.036748
2 0.413194 0.750434 0.017795 0.036169
8 0.398872 0.749855 0.017795 0.037905
9 0.383681 0.749421 0.017795 0.034722
0 0.324002 0.751447 0.017795 0.034722
2 0.354058 0.751591 0.018012 0.034433
0 0.338433 0.751157 0.017578 0.032986
2 0.411458 0.847222 0.017361 0.032986
8 0.397027 0.846933 0.017578 0.035301
9 0.382378 0.847946 0.016927 0.033854
0 0.323242 0.848814 0.017578 0.032118
0 0.337891 0.848958 0.016059 0.034722
2 0.352756 0.848524 0.017578 0.033854
0 0.424262 0.941551 0.016059 0.033565
5 0.308377 0.943721 0.017361 0.033275
0 0.323351 0.943142 0.016493 0.032118
2 0.352648 0.942419 0.016493 0.032986
0 0.338108 0.943721 0.016927 0.032697
0 0.324978 0.649884 0.017578 0.037037
2 0.365017 0.096065 0.019531 0.039352
8 0.382161 0.097078 0.017795 0.039062
8 0.414280 0.098090 0.018663 0.039352
0 0.345595 0.213686 0.017144 0.041377
8 0.378255 0.214844 0.017795 0.040220
0 0.346680 0.328125 0.018446 0.039352
2 0.425456 0.331887 0.018012 0.039931
0 0.344944 0.438947 0.018446 0.037037
8 0.376519 0.439091 0.018229 0.037905
8 0.407552 0.439670 0.017795 0.037326
2 0.422743 0.441262 0.017361 0.037616
0 0.343424 0.546007 0.019314 0.035301
9 0.389431 0.545139 0.018446 0.035301
8 0.405273 0.545573 0.018446 0.034433
2 0.420247 0.546296 0.016276 0.034722
0 0.435764 0.546152 0.016927 0.034433
8 0.401259 0.649740 0.017361 0.035590
2 0.416450 0.648727 0.017361 0.037616
5 0.308919 0.751302 0.016276 0.034433
8 0.368598 0.750579 0.016710 0.035301
5 0.308702 0.848669 0.016710 0.032986
8 0.367839 0.848380 0.017361 0.034722
0 0.426324 0.846644 0.015408 0.032986
8 0.366862 0.943142 0.016276 0.032697
9 0.380859 0.942274 0.016927 0.033854
8 0.395399 0.942274 0.016059 0.033854
2 0.409831 0.942274 0.016276 0.033854
10 0.380534 0.098090 0.154731 0.049190
10 0.378581 0.214554 0.152561 0.048900
10 0.378038 0.329282 0.148872 0.045718
10 0.375434 0.439091 0.147135 0.041956
10 0.373155 0.545428 0.144314 0.039352
10 0.371094 0.649306 0.141493 0.038773
10 0.369249 0.751013 0.138672 0.036748
10 0.367405 0.847946 0.137587 0.035590
10 0.365994 0.942708 0.134766 0.034722
