5 0.026042 0.199306 0.050000 0.104167
0 0.069271 0.204167 0.053125 0.105556
0 0.113021 0.202083 0.053125 0.101389
2 0.160417 0.205556 0.054167 0.105556
8 0.204167 0.205556 0.050000 0.105556
8 0.248438 0.205556 0.051042 0.102778
7 0.291146 0.205556 0.053125 0.105556
5 0.335417 0.207639 0.050000 0.101389
0 0.379167 0.205556 0.050000 0.100000
5 0.028646 0.655556 0.053125 0.105556
0 0.073438 0.655556 0.051042 0.105556
0 0.119792 0.655556 0.052083 0.102778
2 0.163542 0.655556 0.052083 0.105556
8 0.210417 0.654167 0.050000 0.102778
8 0.254167 0.652778 0.050000 0.102778
7 0.298438 0.649306 0.053125 0.104167
5 0.341667 0.652778 0.047917 0.105556
0 0.388021 0.650694 0.051042 0.104167
10 0.206250 0.205556 0.410417 0.116667
10 0.207813 0.655556 0.413542 0.111111
