5 0.039583 0.061806 0.047917 0.095833
0 0.081771 0.063889 0.046875 0.097222
0 0.125521 0.065278 0.048958 0.097222
2 0.166146 0.068056 0.048958 0.100000
3 0.207292 0.068056 0.045833 0.094444
7 0.247917 0.068056 0.052083 0.094444
0 0.294792 0.071528 0.047917 0.098611
5 0.336458 0.069444 0.045833 0.097222
1 0.379167 0.072917 0.047917 0.098611
5 0.047396 0.345833 0.051042 0.100000
0 0.089583 0.350000 0.052083 0.100000
0 0.133333 0.349306 0.047917 0.098611
2 0.175521 0.350694 0.048958 0.098611
7 0.257812 0.350694 0.055208 0.098611
0 0.304167 0.354167 0.050000 0.100000
3 0.216146 0.354167 0.046875 0.097222
5 0.344792 0.355556 0.045833 0.097222
1 0.388021 0.352083 0.046875 0.098611
0 0.294271 0.636806 0.048958 0.101389
7 0.247396 0.636806 0.055208 0.095833
5 0.334896 0.636806 0.046875 0.101389
5 0.032292 0.636806 0.054167 0.104167
3 0.203646 0.636806 0.046875 0.098611
2 0.163542 0.636806 0.050000 0.098611
0 0.079167 0.636806 0.052083 0.101389
0 0.119792 0.638889 0.050000 0.100000
1 0.377604 0.636806 0.048958 0.101389
0 0.282292 0.930556 0.050000 0.105556
5 0.322917 0.930556 0.047917 0.102778
7 0.234896 0.927083 0.055208 0.101389
1 0.367188 0.929167 0.055208 0.108333
5 0.022917 0.932639 0.043750 0.101389
3 0.191667 0.930556 0.050000 0.102778
0 0.063542 0.932639 0.052083 0.101389
0 0.106771 0.930556 0.051042 0.102778
2 0.148958 0.930556 0.052083 0.100000
10 0.207292 0.069444 0.389583 0.108333
10 0.216667 0.355556 0.393750 0.111111
10 0.204167 0.638194 0.402083 0.106944
10 0.200000 0.929167 0.397917 0.113889
