5 0.272396 0.190972 0.046875 0.101389
0 0.313542 0.193056 0.047917 0.097222
0 0.354167 0.193056 0.047917 0.097222
2 0.395313 0.195139 0.048958 0.101389
8 0.436458 0.195139 0.047917 0.101389
9 0.476562 0.193056 0.046875 0.100000
8 0.517188 0.194444 0.046875 0.097222
2 0.558854 0.197917 0.048958 0.101389
0 0.600521 0.196528 0.046875 0.098611
5 0.263542 0.481944 0.045833 0.094444
0 0.304167 0.481944 0.047917 0.100000
0 0.345313 0.484028 0.046875 0.095833
2 0.384896 0.484028 0.046875 0.095833
8 0.426563 0.484028 0.046875 0.095833
9 0.466146 0.484028 0.046875 0.098611
8 0.507292 0.483333 0.045833 0.097222
2 0.547917 0.486806 0.047917 0.098611
0 0.588542 0.485417 0.045833 0.095833
5 0.254167 0.770139 0.045833 0.098611
0 0.294792 0.769444 0.047917 0.094444
0 0.335938 0.769444 0.046875 0.097222
2 0.376563 0.770833 0.048958 0.097222
8 0.416667 0.771528 0.047917 0.098611
9 0.457813 0.770139 0.048958 0.098611
8 0.497917 0.770833 0.047917 0.100000
2 0.538021 0.774306 0.046875 0.101389
0 0.579688 0.774306 0.046875 0.095833
10 0.437500 0.196528 0.379167 0.104167
10 0.426042 0.484722 0.375000 0.102778
10 0.417187 0.772222 0.376042 0.105556
