5 0.314583 0.215278 0.052083 0.102778
0 0.359896 0.213194 0.051042 0.104167
0 0.402083 0.215278 0.047917 0.100000
2 0.445833 0.218056 0.052083 0.102778
8 0.489063 0.216667 0.048958 0.102778
8 0.529167 0.213194 0.047917 0.101389
7 0.575521 0.215278 0.053125 0.102778
5 0.616667 0.211806 0.047917 0.101389
0 0.660417 0.213194 0.047917 0.101389
5 0.322917 0.660417 0.052083 0.104167
0 0.366667 0.661806 0.047917 0.101389
0 0.410417 0.660417 0.050000 0.104167
2 0.454167 0.661806 0.050000 0.104167
8 0.497917 0.656944 0.050000 0.102778
8 0.541146 0.659028 0.051042 0.101389
7 0.584896 0.659028 0.051042 0.104167
5 0.628646 0.655556 0.048958 0.100000
0 0.670833 0.659028 0.052083 0.101389
10 0.486979 0.215278 0.405208 0.108333
10 0.497396 0.661806 0.407292 0.109722
