0 0.089063 0.080556 0.046875 0.094444
5 0.047917 0.080556 0.043750 0.097222
0 0.129688 0.080556 0.046875 0.094444
8 0.210938 0.084028 0.046875 0.098611
2 0.169792 0.081944 0.047917 0.097222
9 0.251563 0.085417 0.046875 0.098611
8 0.291667 0.084028 0.047917 0.093056
2 0.332292 0.083333 0.047917 0.100000
1 0.367188 0.085417 0.038542 0.095833
0 0.096875 0.365278 0.050000 0.097222
0 0.138021 0.363194 0.046875 0.095833
2 0.338021 0.363194 0.048958 0.098611
5 0.054688 0.364583 0.048958 0.098611
8 0.297917 0.363194 0.045833 0.098611
1 0.372917 0.366667 0.037500 0.097222
9 0.257292 0.363194 0.045833 0.095833
2 0.177083 0.366667 0.047917 0.097222
8 0.216667 0.365278 0.045833 0.097222
1 0.376563 0.646528 0.040625 0.095833
8 0.299479 0.646528 0.044792 0.093056
8 0.219792 0.644444 0.047917 0.097222
9 0.259896 0.646528 0.046875 0.098611
2 0.339583 0.644444 0.047917 0.097222
2 0.180208 0.649306 0.047917 0.095833
0 0.138542 0.647917 0.047917 0.093056
0 0.097917 0.647917 0.045833 0.095833
5 0.054167 0.650000 0.047917 0.100000
2 0.345313 0.931944 0.046875 0.102778
8 0.304167 0.930556 0.045833 0.100000
1 0.379688 0.930556 0.038542 0.100000
9 0.263542 0.936806 0.047917 0.101389
8 0.222396 0.935417 0.046875 0.095833
2 0.181771 0.938889 0.048958 0.102778
0 0.139063 0.936806 0.046875 0.095833
5 0.057292 0.938889 0.047917 0.100000
0 0.097396 0.936806 0.046875 0.098611
10 0.205729 0.085417 0.365625 0.104167
10 0.210417 0.365972 0.366667 0.098611
10 0.214062 0.647917 0.371875 0.095833
10 0.216667 0.937500 0.370833 0.100000
