5 0.102083 0.119444 0.045833 0.097222
0 0.142708 0.121528 0.045833 0.093056
0 0.182292 0.122917 0.045833 0.093056
8 0.260417 0.124306 0.045833 0.093056
9 0.301563 0.124306 0.042708 0.095833
8 0.339583 0.124306 0.041667 0.093056
2 0.222917 0.124306 0.045833 0.093056
2 0.379167 0.124306 0.043750 0.095833
1 0.413542 0.127778 0.035417 0.097222
5 0.104688 0.397917 0.046875 0.095833
0 0.144792 0.397917 0.045833 0.095833
2 0.382292 0.397917 0.045833 0.095833
8 0.341667 0.395833 0.045833 0.094444
8 0.263021 0.397917 0.042708 0.093056
9 0.304167 0.397917 0.043750 0.093056
0 0.184896 0.397917 0.044792 0.093056
1 0.416667 0.397917 0.035417 0.093056
2 0.223438 0.397917 0.046875 0.093056
1 0.413021 0.674306 0.038542 0.095833
2 0.376042 0.674306 0.045833 0.095833
8 0.338021 0.674306 0.044792 0.093056
9 0.298438 0.674306 0.044792 0.095833
8 0.257292 0.674306 0.045833 0.095833
0 0.176042 0.674306 0.045833 0.093056
2 0.217708 0.677778 0.047917 0.097222
0 0.135417 0.677778 0.045833 0.094444
5 0.094271 0.675694 0.046875 0.095833
1 0.414583 0.955556 0.041667 0.086111
2 0.376042 0.956250 0.045833 0.087500
8 0.335938 0.956250 0.046875 0.087500
9 0.294271 0.957639 0.046875 0.084722
5 0.088542 0.960417 0.047917 0.079167
8 0.254167 0.955556 0.045833 0.083333
0 0.172917 0.959028 0.047917 0.081944
2 0.213021 0.959028 0.046875 0.081944
0 0.131771 0.959028 0.046875 0.081944
10 0.253646 0.125694 0.355208 0.095833
10 0.258333 0.399306 0.360417 0.095833
10 0.250521 0.677778 0.365625 0.100000
10 0.248438 0.956250 0.373958 0.087500
