5 0.032292 0.068056 0.047917 0.100000
0 0.073438 0.068056 0.046875 0.097222
0 0.113021 0.068056 0.046875 0.094444
2 0.157292 0.069444 0.047917 0.097222
8 0.197917 0.072917 0.045833 0.095833
9 0.238542 0.074306 0.047917 0.095833
8 0.279167 0.072917 0.045833 0.093056
2 0.319271 0.074306 0.046875 0.095833
0 0.360417 0.074306 0.045833 0.093056
5 0.041146 0.360417 0.046875 0.095833
0 0.082292 0.361806 0.047917 0.095833
0 0.123438 0.360417 0.046875 0.093056
2 0.166146 0.361806 0.046875 0.098611
8 0.207292 0.360417 0.045833 0.093056
9 0.248438 0.360417 0.044792 0.093056
8 0.288021 0.360417 0.044792 0.093056
2 0.329688 0.361806 0.044792 0.095833
0 0.369792 0.361806 0.045833 0.095833
5 0.044792 0.649306 0.047917 0.095833
0 0.085417 0.649306 0.047917 0.098611
0 0.129167 0.647917 0.047917 0.095833
2 0.169792 0.647917 0.047917 0.095833
8 0.210417 0.647917 0.045833 0.093056
9 0.251563 0.643056 0.046875 0.094444
8 0.292708 0.646528 0.045833 0.095833
2 0.335417 0.643056 0.045833 0.094444
0 0.372917 0.646528 0.045833 0.093056
5 0.041667 0.941667 0.043750 0.094444
0 0.082292 0.941667 0.047917 0.094444
0 0.123958 0.941667 0.045833 0.097222
2 0.166146 0.938194 0.048958 0.098611
8 0.207292 0.936806 0.045833 0.098611
9 0.248958 0.936806 0.047917 0.098611
8 0.291146 0.936806 0.044792 0.098611
2 0.332292 0.937500 0.045833 0.100000
0 0.372917 0.936806 0.045833 0.098611
10 0.197396 0.072917 0.380208 0.106944
10 0.207292 0.363194 0.379167 0.101389
10 0.207813 0.645833 0.384375 0.102778
10 0.208854 0.941667 0.386458 0.105556
