9 0.875000 0.133333 0.068750 0.137500
6 0.751563 0.137500 0.065625 0.137500
4 0.940625 0.132292 0.081250 0.139583
7 0.812500 0.138542 0.071875 0.135417
2 0.692969 0.142708 0.067187 0.139583
2 0.634375 0.143750 0.062500 0.137500
5 0.459375 0.146875 0.062500 0.131250
0 0.518750 0.143750 0.062500 0.137500
0 0.577344 0.147917 0.060937 0.133333
4 0.950000 0.719792 0.075000 0.135417
7 0.823438 0.726042 0.071875 0.127083
2 0.705469 0.727083 0.064062 0.137500
2 0.648438 0.728125 0.065625 0.131250
0 0.589844 0.734375 0.067187 0.131250
0 0.534375 0.731250 0.065625 0.137500
5 0.475000 0.730208 0.065625 0.135417
9 0.885938 0.722917 0.068750 0.129167
6 0.762500 0.728125 0.062500 0.131250
10 0.703125 0.139583 0.556250 0.145833
10 0.714844 0.727083 0.554688 0.150000
