5 0.125760 0.155527 0.023655 0.044271
0 0.170247 0.155527 0.023220 0.046007
0 0.147786 0.155961 0.023872 0.045139
9 0.260851 0.156105 0.023438 0.044271
9 0.238173 0.156250 0.022352 0.046875
0 0.283963 0.156250 0.024089 0.045718
2 0.192925 0.156250 0.024740 0.050347
0 0.215169 0.156539 0.023655 0.047454
1 0.305122 0.156684 0.019531 0.046586
5 0.125977 0.308594 0.023655 0.044850
9 0.259766 0.308738 0.023003 0.045139
0 0.283312 0.308738 0.023655 0.045139
0 0.169596 0.308594 0.022786 0.046007
9 0.236871 0.309028 0.021484 0.046875
1 0.303819 0.309028 0.020399 0.045139
0 0.147352 0.308883 0.023438 0.046007
0 0.214410 0.309462 0.023872 0.047743
2 0.191406 0.309462 0.023438 0.048322
9 0.235786 0.458623 0.022352 0.042824
9 0.257595 0.458623 0.022135 0.042824
0 0.213108 0.458478 0.023438 0.043692
1 0.302409 0.458478 0.020182 0.044850
0 0.280056 0.459057 0.023655 0.044271
0 0.145833 0.459491 0.023872 0.043981
5 0.123806 0.459201 0.024089 0.042824
0 0.168511 0.459346 0.023655 0.044850
2 0.190213 0.459635 0.024523 0.046007
5 0.123806 0.607205 0.023220 0.045428
9 0.258030 0.607639 0.021701 0.046875
9 0.235786 0.607494 0.021918 0.046007
0 0.280273 0.607494 0.024089 0.047743
1 0.300781 0.607494 0.020833 0.046007
0 0.213108 0.607639 0.023003 0.046296
0 0.169379 0.608218 0.021918 0.045718
0 0.147135 0.608362 0.023438 0.046007
2 0.190430 0.608507 0.023655 0.046875
0 0.211806 0.753328 0.021701 0.046007
5 0.125109 0.753472 0.023220 0.045139
9 0.233181 0.753472 0.022352 0.045139
9 0.254991 0.753762 0.022135 0.045139
2 0.189996 0.753617 0.024089 0.047164
0 0.168403 0.753617 0.022569 0.046007
0 0.277886 0.753617 0.024089 0.044271
1 0.299154 0.753906 0.019748 0.044271
0 0.146484 0.754196 0.022569 0.047164
0 0.274957 0.897280 0.022135 0.048032
9 0.252821 0.897280 0.021701 0.048032
1 0.295030 0.897425 0.018880 0.049479
9 0.231337 0.897569 0.021701 0.045139
5 0.124023 0.898003 0.022786 0.046007
0 0.167426 0.898003 0.021918 0.047743
0 0.144965 0.898438 0.022569 0.047454
0 0.209852 0.898293 0.020833 0.046007
2 0.189128 0.899016 0.023655 0.046875
10 0.214627 0.156539 0.206597 0.053241
10 0.214844 0.309896 0.206163 0.053819
10 0.212023 0.459346 0.205729 0.049479
10 0.212131 0.607784 0.204210 0.050637
10 0.211589 0.754196 0.201389 0.051794
10 0.209093 0.898727 0.197266 0.052662
