5 0.234375 0.131250 0.065625 0.137500
0 0.290625 0.133333 0.065625 0.133333
6 0.627344 0.134375 0.060937 0.131250
2 0.683594 0.134375 0.060937 0.131250
0 0.346875 0.138542 0.053125 0.127083
9 0.517188 0.136458 0.059375 0.131250
3 0.403125 0.138542 0.062500 0.135417
5 0.571875 0.134375 0.059375 0.131250
7 0.460938 0.136458 0.065625 0.131250
2 0.696094 0.707292 0.070312 0.127083
6 0.640625 0.707292 0.062500 0.127083
5 0.587500 0.702083 0.062500 0.125000
9 0.532813 0.707292 0.062500 0.122917
7 0.475000 0.706250 0.065625 0.125000
3 0.418750 0.706250 0.062500 0.125000
0 0.365625 0.708333 0.062500 0.125000
0 0.309375 0.713542 0.062500 0.127083
5 0.253125 0.713542 0.065625 0.131250
10 0.458594 0.137500 0.520312 0.145833
10 0.475000 0.712500 0.518750 0.137500
