5 0.109375 0.061719 0.081250 0.095312
0 0.179167 0.062500 0.079167 0.090625
0 0.243750 0.065625 0.075000 0.090625
3 0.313542 0.065625 0.077083 0.087500
4 0.381250 0.065625 0.087500 0.093750
9 0.454167 0.065625 0.079167 0.090625
9 0.517708 0.065625 0.081250 0.090625
4 0.586458 0.067969 0.081250 0.092188
7 0.659375 0.065625 0.081250 0.090625
5 0.127083 0.450000 0.079167 0.090625
0 0.197917 0.450000 0.079167 0.090625
0 0.262500 0.450000 0.075000 0.087500
3 0.327083 0.449219 0.075000 0.089063
4 0.401042 0.449219 0.085417 0.089063
9 0.469792 0.449219 0.077083 0.089063
9 0.531250 0.449219 0.075000 0.089063
4 0.602083 0.446875 0.087500 0.090625
7 0.671875 0.446875 0.081250 0.090625
5 0.131250 0.839844 0.087500 0.095312
0 0.203125 0.837500 0.081250 0.093750
0 0.267708 0.837500 0.081250 0.093750
3 0.334375 0.835938 0.081250 0.093750
4 0.406250 0.834375 0.087500 0.093750
9 0.479167 0.833594 0.083333 0.092188
9 0.544792 0.831250 0.077083 0.090625
4 0.611458 0.831250 0.081250 0.093750
7 0.684375 0.831250 0.081250 0.093750
10 0.383333 0.064844 0.637500 0.101562
10 0.401042 0.449219 0.635417 0.095312
10 0.406250 0.835156 0.645833 0.098437
