5 0.156771 0.079167 0.051042 0.105556
0 0.197917 0.080556 0.045833 0.102778
0 0.238542 0.080556 0.047917 0.094444
3 0.278646 0.080556 0.046875 0.097222
0 0.360938 0.082639 0.044792 0.098611
9 0.319271 0.082639 0.046875 0.098611
6 0.442188 0.084028 0.046875 0.098611
2 0.400521 0.081944 0.046875 0.097222
1 0.478125 0.081944 0.037500 0.097222
6 0.445833 0.363194 0.045833 0.098611
5 0.163542 0.363194 0.050000 0.098611
0 0.204167 0.366667 0.047917 0.097222
0 0.244271 0.366667 0.046875 0.097222
3 0.285938 0.366667 0.048958 0.094444
2 0.406771 0.364583 0.046875 0.098611
1 0.481771 0.366667 0.040625 0.094444
9 0.326042 0.366667 0.047917 0.097222
0 0.367188 0.366667 0.046875 0.094444
6 0.447917 0.649306 0.047917 0.095833
0 0.369271 0.649306 0.046875 0.093056
2 0.407292 0.649306 0.047917 0.095833
5 0.163542 0.652778 0.050000 0.100000
1 0.485417 0.649306 0.039583 0.095833
0 0.204167 0.652778 0.047917 0.100000
0 0.245833 0.649306 0.045833 0.095833
9 0.328646 0.649306 0.046875 0.095833
3 0.288021 0.649306 0.048958 0.095833
6 0.451042 0.936806 0.047917 0.101389
2 0.408854 0.940278 0.048958 0.100000
1 0.488021 0.936806 0.040625 0.101389
0 0.369271 0.941667 0.046875 0.097222
3 0.288021 0.939583 0.048958 0.101389
9 0.329167 0.939583 0.047917 0.101389
0 0.203646 0.943056 0.046875 0.100000
0 0.244271 0.943056 0.046875 0.097222
5 0.162500 0.945139 0.050000 0.101389
10 0.315104 0.085417 0.365625 0.106944
10 0.318750 0.366667 0.364583 0.097222
10 0.321875 0.651389 0.364583 0.102778
10 0.324479 0.945139 0.369792 0.109722
