5 0.781641 0.221528 0.047656 0.134722
0 0.823438 0.221528 0.050000 0.151389
6 0.869141 0.218056 0.049219 0.141667
5 0.607031 0.224306 0.050000 0.134722
3 0.737891 0.222917 0.049219 0.131944
9 0.958203 0.218056 0.050781 0.138889
9 0.912891 0.218056 0.050781 0.130556
0 0.651563 0.224306 0.048438 0.145833
0 0.694141 0.224306 0.049219 0.143056
3 0.737891 0.219444 0.049219 0.136111
0 0.689063 0.827778 0.050000 0.133333
0 0.818359 0.825694 0.053906 0.140278
3 0.732422 0.825694 0.047656 0.137500
5 0.775391 0.825694 0.046094 0.137500
0 0.643750 0.825694 0.050000 0.129167
9 0.911719 0.829167 0.053125 0.130556
6 0.866016 0.827778 0.050781 0.136111
5 0.598828 0.824306 0.053906 0.134722
9 0.954688 0.829167 0.050000 0.133333
10 0.781250 0.220833 0.409375 0.147222
10 0.776172 0.827083 0.414844 0.145833
