5 0.254297 0.101042 0.047656 0.102083
0 0.297266 0.104167 0.047656 0.100000
0 0.340625 0.107292 0.046875 0.097917
3 0.383594 0.107292 0.043750 0.100000
5 0.426172 0.109375 0.046094 0.100000
0 0.467578 0.109896 0.049219 0.096875
9 0.553516 0.113542 0.044531 0.097917
5 0.250000 0.548958 0.050000 0.097917
0 0.294531 0.548958 0.050000 0.095833
0 0.337891 0.550521 0.049219 0.094792
3 0.381641 0.550521 0.049219 0.096875
0 0.467578 0.552604 0.049219 0.101042
6 0.511719 0.553646 0.046875 0.096875
9 0.554297 0.554167 0.047656 0.097917
6 0.510938 0.110417 0.046875 0.102083
9 0.597266 0.113542 0.044531 0.100000
5 0.425391 0.552083 0.046094 0.104167
9 0.598047 0.554167 0.047656 0.104167
10 0.425391 0.109375 0.396094 0.112500
10 0.423438 0.554167 0.407813 0.106250
