0 0.082292 0.185417 0.052083 0.106944
0 0.128646 0.185417 0.053125 0.106944
5 0.035417 0.180556 0.052083 0.108333
5 0.403646 0.186806 0.051042 0.106944
8 0.314063 0.186806 0.053125 0.106944
3 0.172396 0.186806 0.053125 0.106944
7 0.266667 0.183333 0.054167 0.111111
2 0.356771 0.188889 0.053125 0.111111
7 0.219792 0.186806 0.054167 0.106944
5 0.403646 0.643056 0.051042 0.108333
8 0.313542 0.643056 0.052083 0.105556
2 0.359896 0.643056 0.051042 0.105556
7 0.269792 0.643056 0.056250 0.108333
7 0.222396 0.644444 0.055208 0.108333
0 0.129688 0.647917 0.053125 0.106944
3 0.176042 0.647917 0.052083 0.106944
0 0.082812 0.649306 0.055208 0.109722
5 0.035937 0.649306 0.055208 0.109722
10 0.219271 0.188194 0.423958 0.118056
10 0.217708 0.647222 0.422917 0.113889
