0 0.374219 0.286458 0.060937 0.131250
0 0.431250 0.286458 0.062500 0.118750
7 0.687500 0.288542 0.062500 0.122917
5 0.318750 0.287500 0.062500 0.125000
3 0.484375 0.284375 0.059375 0.122917
3 0.631250 0.286458 0.062500 0.127083
0 0.745313 0.286458 0.065625 0.127083
2 0.539844 0.289583 0.070312 0.125000
1 0.587500 0.287500 0.050000 0.125000
1 0.584375 0.850000 0.050000 0.133333
0 0.743750 0.854167 0.068750 0.125000
3 0.631250 0.850000 0.065625 0.129167
7 0.686719 0.850000 0.064062 0.125000
2 0.536719 0.855208 0.070312 0.131250
5 0.312500 0.854167 0.065625 0.129167
3 0.481250 0.854167 0.065625 0.125000
0 0.424219 0.854167 0.067187 0.120833
0 0.368750 0.853125 0.062500 0.127083
10 0.532813 0.288542 0.493750 0.135417
10 0.528906 0.855208 0.504687 0.139583
