0 0.081250 0.135417 0.065625 0.129167
0 0.142969 0.136458 0.064062 0.131250
5 0.027344 0.135417 0.051562 0.129167
3 0.200000 0.138542 0.062500 0.131250
9 0.317188 0.140625 0.068750 0.131250
7 0.258594 0.140625 0.067187 0.131250
6 0.429688 0.141667 0.062500 0.129167
2 0.486719 0.141667 0.064062 0.129167
5 0.374219 0.141667 0.060937 0.129167
6 0.446875 0.712500 0.062500 0.125000
5 0.390625 0.712500 0.062500 0.125000
9 0.334375 0.712500 0.062500 0.125000
7 0.278125 0.715625 0.068750 0.131250
2 0.501563 0.713542 0.071875 0.127083
3 0.221875 0.715625 0.062500 0.131250
0 0.164844 0.719792 0.060937 0.131250
0 0.107813 0.719792 0.062500 0.127083
5 0.050000 0.718750 0.062500 0.129167
10 0.262500 0.139583 0.521875 0.141667
10 0.277344 0.715625 0.529687 0.143750
