8 0.962500 0.152083 0.065625 0.137500
0 0.903125 0.155208 0.068750 0.131250
5 0.846875 0.157292 0.065625 0.135417
0 0.790625 0.158333 0.062500 0.125000
3 0.678125 0.161458 0.062500 0.131250
0 0.621094 0.162500 0.064062 0.129167
0 0.564063 0.162500 0.062500 0.133333
5 0.505469 0.166667 0.064062 0.133333
5 0.840625 0.743750 0.059375 0.129167
0 0.896875 0.743750 0.062500 0.125000
0 0.784375 0.747917 0.059375 0.125000
8 0.952344 0.744792 0.060937 0.131250
3 0.671875 0.748958 0.059375 0.131250
0 0.617188 0.751042 0.062500 0.127083
0 0.562500 0.750000 0.062500 0.129167
5 0.506250 0.752083 0.062500 0.137500
8 0.733594 0.158333 0.064062 0.137500
8 0.729688 0.743750 0.062500 0.133333
10 0.734375 0.160417 0.531250 0.141667
10 0.732031 0.750000 0.523438 0.145833
