5 0.038542 0.150694 0.054167 0.112500
0 0.084896 0.154167 0.053125 0.111111
0 0.129167 0.155556 0.052083 0.111111
3 0.172917 0.152083 0.052083 0.112500
5 0.401042 0.157639 0.052083 0.112500
7 0.219792 0.155556 0.054167 0.111111
8 0.314063 0.155556 0.053125 0.111111
2 0.357292 0.155556 0.052083 0.108333
7 0.266667 0.157639 0.054167 0.109722
5 0.407292 0.611806 0.047917 0.104167
2 0.364583 0.611806 0.052083 0.106944
8 0.319792 0.611806 0.050000 0.106944
7 0.227083 0.613194 0.054167 0.109722
7 0.272917 0.615278 0.054167 0.105556
3 0.181771 0.616667 0.051042 0.105556
0 0.134896 0.616667 0.051042 0.108333
0 0.091146 0.616667 0.053125 0.108333
5 0.044792 0.618056 0.054167 0.111111
10 0.219271 0.155556 0.417708 0.116667
10 0.225521 0.615278 0.419792 0.113889
