5 0.600521 0.190278 0.051042 0.108333
5 0.239583 0.190278 0.052083 0.108333
2 0.556771 0.188194 0.053125 0.112500
8 0.511458 0.186806 0.052083 0.104167
0 0.285417 0.190278 0.052083 0.105556
0 0.329167 0.191667 0.052083 0.105556
7 0.466667 0.190278 0.056250 0.105556
3 0.376042 0.190278 0.052083 0.105556
7 0.419792 0.191667 0.056250 0.108333
5 0.597917 0.646528 0.050000 0.109722
8 0.507292 0.647917 0.052083 0.104167
2 0.553646 0.644444 0.053125 0.105556
7 0.463021 0.647917 0.055208 0.106944
7 0.416667 0.644444 0.054167 0.105556
3 0.372917 0.649306 0.052083 0.106944
5 0.238021 0.649306 0.051042 0.106944
0 0.282292 0.649306 0.050000 0.106944
0 0.327083 0.649306 0.052083 0.106944
10 0.417708 0.190972 0.416667 0.118056
10 0.415104 0.646528 0.413542 0.109722
