5 0.173437 0.291146 0.053125 0.103125
0 0.219922 0.291146 0.050781 0.101042
0 0.263281 0.291667 0.050000 0.097917
3 0.307812 0.289062 0.050000 0.098958
0 0.394922 0.294271 0.047656 0.101042
6 0.439063 0.294271 0.046875 0.098958
9 0.525000 0.294792 0.050000 0.106250
9 0.481641 0.294271 0.049219 0.103125
9 0.528125 0.744271 0.046875 0.109375
9 0.485938 0.745313 0.048438 0.103125
6 0.442188 0.745313 0.043750 0.105208
5 0.353125 0.744792 0.050000 0.100000
0 0.397266 0.745313 0.049219 0.103125
3 0.309766 0.745313 0.050781 0.101042
0 0.266016 0.747917 0.050781 0.100000
0 0.218750 0.746875 0.050000 0.102083
5 0.173828 0.746875 0.049219 0.104167
5 0.350391 0.291667 0.049219 0.104167
10 0.348047 0.292708 0.407031 0.112500
10 0.350781 0.747396 0.409375 0.111458
