5 0.069792 0.118056 0.045833 0.097222
0 0.109896 0.118056 0.046875 0.094444
6 0.352083 0.121528 0.047917 0.098611
3 0.191667 0.118056 0.047917 0.094444
9 0.232292 0.121528 0.047917 0.095833
0 0.150521 0.118056 0.046875 0.094444
0 0.273438 0.119444 0.046875 0.097222
2 0.313542 0.119444 0.047917 0.097222
1 0.388021 0.122917 0.038542 0.095833
5 0.073438 0.399306 0.044792 0.095833
0 0.275521 0.399306 0.046875 0.093056
2 0.316667 0.399306 0.047917 0.095833
3 0.194271 0.399306 0.046875 0.093056
9 0.234896 0.399306 0.046875 0.095833
1 0.391667 0.399306 0.039583 0.093056
0 0.113542 0.399306 0.047917 0.095833
0 0.154167 0.399306 0.047917 0.093056
0 0.275521 0.680556 0.046875 0.100000
6 0.357292 0.679167 0.047917 0.094444
9 0.235417 0.680556 0.047917 0.094444
2 0.316667 0.682639 0.050000 0.098611
1 0.392188 0.680556 0.040625 0.094444
3 0.194792 0.681944 0.047917 0.097222
0 0.113542 0.686806 0.047917 0.098611
0 0.154688 0.685417 0.048958 0.095833
5 0.072396 0.686806 0.048958 0.101389
6 0.356771 0.399306 0.044792 0.095833
10 0.226562 0.122917 0.365625 0.104167
10 0.231771 0.400694 0.365625 0.101389
10 0.229167 0.687500 0.370833 0.102778
