5 0.085938 0.245312 0.050000 0.105208
0 0.130469 0.245833 0.050000 0.102083
0 0.310547 0.247917 0.052344 0.106250
0 0.176563 0.247917 0.050000 0.100000
3 0.220703 0.248438 0.050781 0.098958
9 0.399219 0.247396 0.051562 0.101042
9 0.449219 0.700521 0.054688 0.103125
9 0.403516 0.701042 0.050781 0.097917
0 0.312891 0.704167 0.055469 0.100000
3 0.222266 0.706771 0.050781 0.098958
0 0.176563 0.707292 0.050000 0.102083
0 0.130469 0.710417 0.051562 0.104167
5 0.084375 0.713542 0.053125 0.110417
5 0.266016 0.244271 0.047656 0.105208
6 0.353906 0.248438 0.050000 0.103125
9 0.443750 0.247917 0.050000 0.104167
5 0.266797 0.704167 0.050781 0.106250
6 0.357812 0.702083 0.053125 0.104167
10 0.262500 0.245833 0.409375 0.110417
10 0.266016 0.709896 0.422656 0.113542
