5 0.242969 0.205556 0.051562 0.141667
9 0.418750 0.205556 0.053125 0.130556
3 0.199219 0.205556 0.053125 0.130556
0 0.151562 0.205556 0.050000 0.130556
5 0.060156 0.205556 0.046875 0.133333
0 0.286719 0.205556 0.048438 0.144444
5 0.243750 0.205556 0.050000 0.138889
0 0.107813 0.205556 0.050000 0.133333
9 0.419141 0.200694 0.050781 0.137500
9 0.375000 0.205556 0.050000 0.133333
9 0.416797 0.809028 0.050781 0.137500
9 0.369531 0.806944 0.053125 0.136111
9 0.415625 0.811806 0.050000 0.126389
0 0.281641 0.811806 0.052344 0.131944
6 0.327344 0.811806 0.053125 0.129167
3 0.190625 0.818056 0.053125 0.141667
0 0.146094 0.818056 0.051562 0.133333
0 0.096875 0.822917 0.053125 0.140278
5 0.053125 0.827778 0.053125 0.138889
6 0.331641 0.205556 0.047656 0.130556
5 0.237500 0.818056 0.053125 0.141667
10 0.234766 0.817361 0.421094 0.148611
10 0.240625 0.205556 0.415625 0.150000
