0 0.099219 0.296875 0.064062 0.131250
5 0.042969 0.294792 0.064062 0.122917
0 0.154688 0.293750 0.065625 0.125000
3 0.209375 0.293750 0.062500 0.125000
3 0.356250 0.293750 0.062500 0.125000
7 0.411719 0.297917 0.067187 0.125000
0 0.465625 0.293750 0.065625 0.125000
2 0.262500 0.300000 0.059375 0.125000
0 0.477344 0.850000 0.067187 0.125000
3 0.364844 0.853125 0.067187 0.131250
7 0.418750 0.854167 0.065625 0.133333
0 0.156250 0.857292 0.062500 0.122917
0 0.103125 0.856250 0.065625 0.125000
2 0.270313 0.856250 0.068750 0.125000
5 0.046875 0.856250 0.065625 0.125000
3 0.212500 0.850000 0.065625 0.125000
1 0.311719 0.297917 0.054688 0.125000
1 0.317969 0.850000 0.057813 0.137500
10 0.253906 0.296875 0.492188 0.131250
10 0.261719 0.855208 0.504687 0.135417
