0 0.229687 0.295833 0.046875 0.097917
5 0.184766 0.298438 0.050781 0.101042
0 0.273438 0.298438 0.050000 0.098958
9 0.528516 0.297917 0.049219 0.106250
3 0.317969 0.297917 0.050000 0.102083
6 0.446094 0.297917 0.051562 0.102083
0 0.403125 0.297917 0.050000 0.102083
5 0.360938 0.298958 0.046875 0.095833
9 0.487891 0.298438 0.049219 0.096875
9 0.531250 0.738542 0.050000 0.100000
6 0.444922 0.741146 0.049219 0.098958
9 0.486719 0.741667 0.046875 0.097917
0 0.401172 0.741667 0.050781 0.100000
5 0.357031 0.742188 0.046875 0.096875
0 0.270313 0.744271 0.050000 0.098958
0 0.225000 0.743750 0.046875 0.100000
5 0.181641 0.745833 0.049219 0.102083
3 0.314844 0.741667 0.046875 0.097917
10 0.355859 0.300000 0.400781 0.108333
10 0.354297 0.744271 0.405469 0.105208
