5 0.145313 0.086806 0.056250 0.143056
0 0.192188 0.086806 0.051562 0.134722
0 0.236719 0.088194 0.051562 0.134722
5 0.325000 0.093056 0.050000 0.138889
3 0.281641 0.089583 0.050781 0.137500
0 0.369141 0.095139 0.049219 0.134722
9 0.456250 0.099306 0.050000 0.134722
5 0.317188 0.699306 0.050000 0.137500
0 0.362891 0.699306 0.050781 0.140278
5 0.318359 0.699306 0.050781 0.140278
3 0.273438 0.701389 0.050000 0.136111
6 0.407813 0.699306 0.050000 0.140278
0 0.228516 0.701389 0.050781 0.136111
0 0.183594 0.699306 0.051562 0.134722
5 0.136719 0.699306 0.057813 0.143056
9 0.450781 0.699306 0.053125 0.131944
9 0.493750 0.702778 0.050000 0.138889
6 0.412891 0.097917 0.049219 0.137500
9 0.501563 0.099306 0.050000 0.131944
10 0.322656 0.094444 0.412500 0.152778
10 0.313672 0.699306 0.417969 0.145833
