0 0.928125 0.286458 0.062500 0.131250
3 0.815625 0.290625 0.065625 0.131250
7 0.871875 0.290625 0.068750 0.131250
5 0.503125 0.294792 0.065625 0.127083
0 0.558594 0.294792 0.060937 0.127083
3 0.667188 0.293750 0.062500 0.125000
0 0.611719 0.293750 0.064062 0.125000
2 0.721875 0.293750 0.068750 0.125000
0 0.568750 0.852083 0.062500 0.125000
0 0.624219 0.856250 0.064062 0.125000
5 0.512500 0.856250 0.062500 0.125000
3 0.679688 0.857292 0.065625 0.127083
3 0.831250 0.857292 0.065625 0.131250
2 0.736719 0.855208 0.070312 0.131250
0 0.946094 0.858333 0.064062 0.125000
7 0.887500 0.856250 0.065625 0.125000
1 0.767969 0.290625 0.051562 0.131250
1 0.784375 0.853125 0.059375 0.135417
10 0.714844 0.290625 0.498437 0.131250
10 0.730469 0.861458 0.507812 0.135417
