5 0.392188 0.221528 0.050000 0.137500
0 0.609375 0.218056 0.050000 0.133333
0 0.434375 0.218056 0.046875 0.130556
6 0.653516 0.222917 0.050781 0.137500
0 0.480469 0.218056 0.048438 0.130556
3 0.524219 0.221528 0.048438 0.129167
5 0.566016 0.219444 0.046094 0.133333
6 0.651563 0.221528 0.050000 0.134722
9 0.737891 0.221528 0.049219 0.134722
9 0.694922 0.222917 0.049219 0.129167
3 0.514844 0.824306 0.050000 0.131944
6 0.646875 0.824306 0.050000 0.131944
5 0.381250 0.824306 0.053125 0.137500
0 0.601172 0.824306 0.049219 0.129167
5 0.557813 0.824306 0.050000 0.137500
0 0.471094 0.824306 0.050000 0.134722
0 0.426172 0.824306 0.049219 0.134722
9 0.732031 0.824306 0.050000 0.131944
9 0.691016 0.824306 0.050781 0.129167
10 0.564844 0.221528 0.401562 0.148611
10 0.555078 0.824306 0.410156 0.148611
