8 0.759375 0.155208 0.059375 0.131250
0 0.705469 0.157292 0.064062 0.131250
5 0.650000 0.158333 0.062500 0.137500
0 0.590625 0.162500 0.062500 0.125000
8 0.536719 0.163542 0.060937 0.131250
3 0.478125 0.163542 0.065625 0.127083
0 0.421875 0.162500 0.062500 0.125000
5 0.306250 0.164583 0.062500 0.137500
0 0.365625 0.161458 0.062500 0.131250
8 0.764844 0.740625 0.060937 0.131250
0 0.709375 0.743750 0.062500 0.125000
5 0.652344 0.747917 0.057813 0.129167
0 0.600000 0.747917 0.062500 0.125000
0 0.431250 0.750000 0.059375 0.125000
3 0.487500 0.750000 0.059375 0.125000
0 0.376563 0.753125 0.062500 0.131250
5 0.317969 0.753125 0.057813 0.131250
8 0.542969 0.751042 0.064062 0.131250
10 0.533594 0.161458 0.520312 0.143750
10 0.540625 0.751042 0.518750 0.147917
