5 0.312500 0.294792 0.065625 0.122917
0 0.368750 0.294792 0.062500 0.122917
0 0.423438 0.290625 0.065625 0.118750
3 0.477344 0.290625 0.064062 0.118750
3 0.621875 0.290625 0.065625 0.131250
7 0.677344 0.289583 0.064062 0.125000
0 0.734375 0.290625 0.062500 0.131250
2 0.531250 0.293750 0.065625 0.125000
1 0.579688 0.294792 0.053125 0.127083
3 0.636719 0.857292 0.067187 0.127083
0 0.746094 0.852083 0.070312 0.125000
7 0.692969 0.853125 0.067187 0.131250
0 0.377344 0.857292 0.064062 0.127083
0 0.430469 0.853125 0.064062 0.118750
5 0.321875 0.856250 0.065625 0.125000
3 0.486719 0.852083 0.060937 0.125000
2 0.540625 0.857292 0.062500 0.118750
1 0.589844 0.853125 0.054688 0.131250
10 0.521094 0.294792 0.492188 0.131250
10 0.535937 0.855208 0.503125 0.135417
