7 0.964063 0.107292 0.065625 0.135417
4 0.905469 0.103125 0.073438 0.131250
9 0.784375 0.112500 0.065625 0.137500
9 0.840625 0.103125 0.065625 0.131250
3 0.664844 0.109375 0.064062 0.131250
4 0.721875 0.113542 0.068750 0.131250
5 0.496875 0.109375 0.062500 0.131250
0 0.552344 0.113542 0.060937 0.131250
0 0.606250 0.115625 0.062500 0.131250
7 0.965625 0.680208 0.062500 0.131250
9 0.846875 0.680208 0.062500 0.131250
0 0.618750 0.683333 0.059375 0.125000
9 0.792969 0.683333 0.060937 0.133333
4 0.908594 0.681250 0.073438 0.137500
5 0.509375 0.688542 0.062500 0.131250
4 0.730469 0.681250 0.070312 0.137500
0 0.565625 0.687500 0.059375 0.125000
3 0.673438 0.683333 0.062500 0.133333
10 0.729688 0.110417 0.540625 0.141667
10 0.735938 0.684375 0.528125 0.135417
