5 0.057813 0.186806 0.055208 0.109722
0 0.105208 0.186806 0.054167 0.106944
0 0.149479 0.186806 0.051042 0.106944
3 0.194271 0.186806 0.053125 0.106944
5 0.416146 0.193056 0.053125 0.108333
8 0.329167 0.191667 0.052083 0.108333
7 0.238542 0.190278 0.054167 0.105556
2 0.372917 0.193056 0.050000 0.105556
7 0.285417 0.191667 0.054167 0.105556
5 0.422917 0.640278 0.052083 0.108333
2 0.377604 0.641667 0.051042 0.108333
8 0.334896 0.640278 0.051042 0.105556
3 0.197396 0.641667 0.053125 0.105556
7 0.242708 0.641667 0.054167 0.105556
7 0.288542 0.641667 0.058333 0.105556
0 0.107292 0.643056 0.052083 0.111111
0 0.151562 0.641667 0.055208 0.108333
5 0.061458 0.641667 0.052083 0.105556
10 0.237500 0.191667 0.420833 0.113889
10 0.241146 0.641667 0.419792 0.113889
