5 0.197396 0.111806 0.051042 0.101389
6 0.484896 0.111806 0.046875 0.101389
0 0.241667 0.113889 0.047917 0.097222
3 0.322917 0.111806 0.047917 0.098611
2 0.444271 0.111806 0.051042 0.098611
1 0.520833 0.111806 0.041667 0.098611
0 0.281771 0.111806 0.046875 0.093056
9 0.363021 0.111806 0.046875 0.095833
0 0.403646 0.111806 0.046875 0.093056
6 0.483333 0.399306 0.045833 0.095833
1 0.519271 0.397917 0.038542 0.093056
5 0.201042 0.399306 0.047917 0.098611
0 0.403646 0.399306 0.046875 0.095833
2 0.444271 0.400000 0.048958 0.100000
0 0.242708 0.399306 0.045833 0.095833
0 0.285417 0.399306 0.047917 0.093056
3 0.322396 0.399306 0.046875 0.098611
9 0.363542 0.399306 0.045833 0.095833
6 0.485417 0.682639 0.045833 0.101389
1 0.522396 0.680556 0.040625 0.094444
0 0.403646 0.680556 0.046875 0.097222
2 0.444792 0.680556 0.047917 0.100000
9 0.364063 0.681944 0.048958 0.100000
3 0.326042 0.684028 0.047917 0.095833
0 0.285417 0.685417 0.047917 0.095833
5 0.203646 0.686806 0.048958 0.101389
0 0.244792 0.686806 0.047917 0.098611
10 0.356250 0.112500 0.375000 0.102778
10 0.356250 0.402778 0.364583 0.105556
10 0.360938 0.684722 0.369792 0.100000
