7 0.884375 0.283333 0.065625 0.125000
3 0.828125 0.283333 0.065625 0.125000
0 0.942969 0.281250 0.064062 0.120833
0 0.567969 0.284375 0.060937 0.122917
0 0.624219 0.284375 0.064062 0.122917
3 0.677344 0.284375 0.060937 0.122917
2 0.734375 0.285417 0.065625 0.120833
5 0.512500 0.286458 0.062500 0.127083
1 0.782813 0.284375 0.050000 0.122917
5 0.525000 0.856250 0.062500 0.125000
3 0.843750 0.857292 0.068750 0.127083
0 0.634375 0.857292 0.062500 0.122917
0 0.580469 0.857292 0.064062 0.122917
3 0.690625 0.857292 0.062500 0.122917
2 0.746094 0.858333 0.070312 0.125000
0 0.959375 0.859375 0.068750 0.127083
7 0.902344 0.860417 0.067187 0.125000
1 0.793750 0.856250 0.053125 0.133333
10 0.728906 0.287500 0.498437 0.137500
10 0.743750 0.860417 0.509375 0.141667
