7 0.724219 0.110417 0.064062 0.133333
5 0.259375 0.112500 0.062500 0.137500
0 0.317188 0.112500 0.062500 0.137500
9 0.546875 0.115625 0.065625 0.131250
4 0.664844 0.109375 0.073438 0.131250
0 0.371875 0.115625 0.062500 0.131250
9 0.604688 0.113542 0.062500 0.127083
3 0.428125 0.116667 0.062500 0.129167
4 0.489844 0.116667 0.070312 0.133333
7 0.730469 0.680208 0.067187 0.131250
9 0.615625 0.681250 0.065625 0.125000
4 0.675000 0.681250 0.068750 0.133333
9 0.559375 0.687500 0.062500 0.125000
4 0.502344 0.688542 0.070312 0.122917
5 0.278125 0.691667 0.059375 0.129167
0 0.387500 0.687500 0.059375 0.125000
3 0.443750 0.688542 0.062500 0.122917
0 0.333594 0.687500 0.057813 0.125000
10 0.492188 0.110417 0.534375 0.137500
10 0.503906 0.688542 0.523438 0.135417
