5 0.313672 0.219444 0.049219 0.133333
0 0.358594 0.224306 0.050000 0.126389
3 0.444531 0.224306 0.050000 0.129167
0 0.530078 0.224306 0.049219 0.131944
0 0.400391 0.224306 0.049219 0.126389
5 0.488672 0.224306 0.049219 0.131944
9 0.617188 0.226389 0.050000 0.136111
9 0.660156 0.224306 0.050000 0.131944
6 0.578125 0.827778 0.050000 0.133333
0 0.534375 0.827778 0.051562 0.133333
9 0.667188 0.825694 0.050000 0.134722
5 0.491016 0.829167 0.049219 0.133333
9 0.623437 0.824306 0.050000 0.129167
0 0.404297 0.830556 0.050781 0.130556
3 0.448047 0.829167 0.050781 0.127778
5 0.314063 0.829167 0.050000 0.130556
0 0.359375 0.829167 0.050000 0.130556
5 0.491797 0.830556 0.049219 0.127778
6 0.574219 0.224306 0.050000 0.131944
10 0.487109 0.222917 0.403906 0.140278
10 0.491016 0.829861 0.411719 0.140278
