0 0.100000 0.293750 0.062500 0.125000
0 0.156250 0.290625 0.062500 0.118750
5 0.042969 0.293750 0.064062 0.125000
3 0.211719 0.293750 0.060937 0.125000
3 0.359375 0.290625 0.068750 0.118750
2 0.264844 0.293750 0.064062 0.125000
1 0.312500 0.293750 0.053125 0.125000
0 0.468750 0.297917 0.075000 0.125000
7 0.412500 0.293750 0.062500 0.125000
0 0.475000 0.850000 0.062500 0.125000
3 0.364844 0.851042 0.067187 0.127083
7 0.423438 0.850000 0.068750 0.125000
2 0.271094 0.853125 0.067187 0.131250
1 0.321875 0.848958 0.053125 0.131250
0 0.162500 0.852083 0.065625 0.125000
3 0.214844 0.853125 0.064062 0.131250
0 0.105469 0.857292 0.060937 0.131250
5 0.050000 0.855208 0.062500 0.131250
10 0.259375 0.295833 0.496875 0.137500
10 0.262500 0.855208 0.493750 0.143750
