9 0.958594 0.294792 0.050000 0.104167
6 0.869922 0.294792 0.049219 0.102083
0 0.823828 0.295833 0.050781 0.104167
9 0.912500 0.294792 0.050000 0.097917
5 0.607812 0.298438 0.046875 0.098958
0 0.651563 0.298438 0.046875 0.103125
3 0.738672 0.297917 0.047656 0.102083
0 0.694922 0.297917 0.049219 0.097917
3 0.746875 0.750000 0.046875 0.100000
0 0.834766 0.747917 0.050781 0.097917
5 0.791016 0.747917 0.049219 0.102083
0 0.657422 0.750521 0.049219 0.103125
5 0.614844 0.750000 0.053125 0.100000
0 0.701562 0.747917 0.050000 0.097917
6 0.880469 0.748958 0.051562 0.104167
9 0.923438 0.750000 0.053125 0.106250
9 0.968750 0.751042 0.050000 0.100000
5 0.782813 0.298438 0.050000 0.105208
10 0.783203 0.296875 0.408594 0.110417
10 0.790234 0.751042 0.411719 0.110417
