5 0.145313 0.086806 0.050000 0.143056
0 0.191797 0.088889 0.050781 0.136111
0 0.237891 0.091667 0.053906 0.130556
5 0.325391 0.093056 0.049219 0.136111
3 0.281250 0.093056 0.050000 0.130556
0 0.368750 0.096528 0.050000 0.134722
6 0.413672 0.094444 0.049219 0.136111
9 0.500000 0.102778 0.050000 0.141667
9 0.456641 0.101389 0.049219 0.138889
5 0.317188 0.699306 0.050000 0.137500
0 0.362891 0.699306 0.052344 0.134722
5 0.317188 0.701389 0.050000 0.136111
0 0.181250 0.699306 0.050000 0.137500
3 0.273438 0.699306 0.050000 0.131944
5 0.134766 0.701389 0.055469 0.136111
0 0.228516 0.699306 0.052344 0.131944
6 0.407813 0.699306 0.050000 0.131944
9 0.450000 0.699306 0.050000 0.131944
9 0.496094 0.704167 0.056250 0.136111
10 0.321875 0.096528 0.409375 0.159722
10 0.315625 0.702778 0.421875 0.144444
