0 0.443750 0.157292 0.062500 0.131250
5 0.386719 0.156250 0.060937 0.137500
8 0.271875 0.156250 0.065625 0.137500
0 0.330469 0.157292 0.064062 0.131250
0 0.155469 0.158333 0.067187 0.137500
0 0.096875 0.163542 0.068750 0.135417
3 0.211719 0.156250 0.070312 0.137500
5 0.036719 0.158333 0.067187 0.137500
0 0.453125 0.743750 0.065625 0.125000
8 0.508594 0.744792 0.060937 0.131250
5 0.396875 0.747917 0.059375 0.129167
0 0.340625 0.745833 0.062500 0.125000
0 0.168750 0.757292 0.065625 0.131250
3 0.227344 0.753125 0.070312 0.131250
0 0.111719 0.757292 0.070312 0.139583
8 0.501563 0.157292 0.065625 0.131250
8 0.285938 0.750000 0.065625 0.137500
5 0.050000 0.756250 0.062500 0.150000
10 0.267188 0.160417 0.531250 0.141667
10 0.278906 0.755208 0.532813 0.147917
