0 0.090625 0.132292 0.065625 0.127083
0 0.150000 0.131250 0.062500 0.133333
5 0.034375 0.127083 0.059375 0.137500
3 0.209375 0.131250 0.062500 0.133333
6 0.434375 0.137500 0.062500 0.125000
9 0.325000 0.138542 0.062500 0.131250
7 0.264844 0.134375 0.067187 0.131250
2 0.493750 0.140625 0.068750 0.131250
5 0.380469 0.138542 0.060937 0.127083
2 0.509375 0.705208 0.065625 0.131250
6 0.450000 0.707292 0.059375 0.127083
5 0.396875 0.705208 0.059375 0.131250
9 0.337500 0.708333 0.062500 0.125000
3 0.225000 0.709375 0.062500 0.131250
7 0.283594 0.709375 0.067187 0.131250
0 0.167969 0.713542 0.060937 0.131250
0 0.112500 0.712500 0.062500 0.133333
5 0.053125 0.712500 0.059375 0.133333
10 0.264062 0.137500 0.525000 0.145833
10 0.281250 0.709375 0.525000 0.139583
