5 0.043750 0.285938 0.050000 0.101042
0 0.089063 0.288021 0.050000 0.101042
0 0.135547 0.288021 0.052344 0.098958
3 0.179688 0.288021 0.050000 0.103125
0 0.268750 0.290625 0.050000 0.106250
6 0.312891 0.291146 0.049219 0.103125
9 0.400000 0.291667 0.050000 0.104167
9 0.356250 0.292708 0.046875 0.102083
9 0.403125 0.743750 0.046875 0.106250
9 0.359766 0.745313 0.053906 0.103125
0 0.268750 0.745313 0.053125 0.101042
0 0.132812 0.747917 0.050000 0.097917
3 0.179297 0.746875 0.050781 0.102083
0 0.087891 0.747917 0.052344 0.100000
5 0.041797 0.747917 0.050781 0.104167
5 0.224219 0.288021 0.051562 0.103125
5 0.224219 0.747917 0.050000 0.106250
6 0.314844 0.744271 0.051562 0.101042
10 0.222656 0.290104 0.412500 0.109375
10 0.220312 0.746354 0.414062 0.107292
