2 0.956250 0.133333 0.065625 0.133333
6 0.900000 0.133333 0.059375 0.133333
5 0.506250 0.138542 0.062500 0.131250
5 0.846094 0.134375 0.060937 0.131250
0 0.562500 0.137500 0.059375 0.125000
0 0.618750 0.137500 0.059375 0.125000
3 0.675000 0.136458 0.059375 0.131250
7 0.730469 0.136458 0.067187 0.131250
2 0.962500 0.708333 0.059375 0.125000
5 0.856250 0.710417 0.062500 0.120833
6 0.909375 0.710417 0.059375 0.120833
9 0.800000 0.712500 0.062500 0.125000
3 0.687500 0.712500 0.059375 0.125000
7 0.743750 0.711458 0.065625 0.118750
0 0.631250 0.711458 0.059375 0.118750
0 0.578125 0.712500 0.062500 0.116667
5 0.521094 0.714583 0.064062 0.125000
9 0.789844 0.133333 0.064062 0.133333
10 0.734375 0.138542 0.521875 0.143750
10 0.739062 0.712500 0.512500 0.133333
