5 0.069271 0.109028 0.044792 0.098611
0 0.107813 0.110417 0.046875 0.098611
0 0.148958 0.110417 0.045833 0.098611
6 0.351042 0.111806 0.045833 0.101389
3 0.191667 0.111806 0.047917 0.098611
9 0.231771 0.111806 0.046875 0.095833
0 0.270313 0.111806 0.046875 0.101389
2 0.311458 0.111806 0.047917 0.095833
1 0.388021 0.111806 0.040625 0.101389
6 0.354167 0.391667 0.043750 0.094444
9 0.234896 0.393056 0.048958 0.097222
0 0.275521 0.393056 0.046875 0.097222
1 0.392708 0.393056 0.041667 0.094444
3 0.194271 0.393056 0.048958 0.097222
2 0.314583 0.393056 0.047917 0.097222
0 0.113542 0.393056 0.047917 0.094444
0 0.154167 0.393056 0.047917 0.094444
5 0.069792 0.393056 0.047917 0.097222
6 0.357292 0.670833 0.047917 0.100000
1 0.391667 0.674306 0.039583 0.095833
2 0.316667 0.674306 0.047917 0.095833
0 0.276042 0.674306 0.045833 0.095833
9 0.235417 0.674306 0.047917 0.093056
3 0.194792 0.675694 0.045833 0.098611
0 0.151562 0.675694 0.048958 0.095833
0 0.113021 0.679167 0.048958 0.094444
5 0.069271 0.677083 0.046875 0.101389
1 0.395313 0.955556 0.040625 0.086111
6 0.359896 0.956250 0.046875 0.087500
2 0.316667 0.957639 0.047917 0.084722
0 0.276042 0.955556 0.047917 0.083333
9 0.234896 0.955556 0.046875 0.083333
3 0.194792 0.959028 0.047917 0.081944
0 0.151562 0.960417 0.048958 0.079167
0 0.109896 0.960417 0.046875 0.079167
5 0.069271 0.960417 0.046875 0.079167
10 0.225000 0.110417 0.370833 0.115278
10 0.229687 0.393056 0.373958 0.108333
10 0.227083 0.679167 0.366667 0.111111
10 0.232292 0.958333 0.381250 0.083333
