5 0.052344 0.112500 0.067187 0.137500
0 0.109375 0.112500 0.068750 0.137500
0 0.168750 0.119792 0.065625 0.135417
7 0.521875 0.112500 0.065625 0.137500
3 0.225000 0.112500 0.065625 0.137500
4 0.462500 0.116667 0.071875 0.133333
9 0.343750 0.115625 0.075000 0.131250
9 0.400000 0.114583 0.065625 0.137500
4 0.286719 0.115625 0.073438 0.131250
7 0.534375 0.685417 0.065625 0.133333
4 0.478125 0.681250 0.071875 0.133333
9 0.418750 0.688542 0.065625 0.122917
9 0.362500 0.688542 0.062500 0.127083
3 0.246875 0.687500 0.065625 0.125000
4 0.306250 0.687500 0.068750 0.125000
5 0.076563 0.687500 0.068750 0.137500
0 0.133594 0.690625 0.064062 0.131250
0 0.187500 0.691667 0.062500 0.133333
10 0.286719 0.115625 0.542188 0.139583
10 0.301563 0.690625 0.525000 0.139583
