5 0.132812 0.211806 0.053125 0.140278
0 0.179297 0.211806 0.050781 0.131944
0 0.225391 0.211806 0.049219 0.134722
0 0.358594 0.213194 0.050000 0.137500
5 0.314063 0.218056 0.050000 0.138889
6 0.400781 0.216667 0.050000 0.133333
3 0.270313 0.213194 0.050000 0.134722
9 0.489063 0.218056 0.050000 0.130556
9 0.445312 0.218056 0.050000 0.130556
0 0.347266 0.824306 0.055469 0.134722
9 0.436719 0.824306 0.048438 0.129167
3 0.258594 0.824306 0.050000 0.134722
9 0.478125 0.824306 0.050000 0.131944
0 0.212500 0.827778 0.050000 0.130556
5 0.301563 0.824306 0.050000 0.131944
5 0.119922 0.829167 0.052344 0.141667
0 0.166406 0.830556 0.050000 0.133333
6 0.392188 0.824306 0.053125 0.134722
10 0.309375 0.217361 0.412500 0.145833
10 0.298438 0.827778 0.417187 0.150000
