5 0.242969 0.138542 0.067187 0.131250
0 0.302344 0.134375 0.064062 0.131250
0 0.356250 0.137500 0.062500 0.125000
9 0.527344 0.134375 0.067187 0.131250
3 0.415625 0.141667 0.062500 0.129167
5 0.585938 0.137500 0.062500 0.125000
2 0.696875 0.141667 0.068750 0.133333
6 0.640625 0.137500 0.062500 0.125000
7 0.471875 0.141667 0.062500 0.129167
5 0.599219 0.706250 0.060937 0.125000
6 0.652344 0.706250 0.060937 0.125000
9 0.543750 0.713542 0.062500 0.122917
2 0.706250 0.706250 0.065625 0.125000
7 0.487500 0.712500 0.062500 0.125000
3 0.431250 0.712500 0.059375 0.125000
0 0.377344 0.712500 0.060937 0.125000
0 0.318750 0.718750 0.062500 0.125000
5 0.264844 0.718750 0.064062 0.125000
10 0.469531 0.138542 0.523438 0.139583
10 0.484375 0.714583 0.515625 0.137500
