5 0.049219 0.211806 0.050000 0.131944
0 0.094922 0.213889 0.052344 0.136111
0 0.139063 0.215278 0.053125 0.130556
3 0.185547 0.216667 0.050781 0.133333
0 0.273438 0.218056 0.053125 0.133333
5 0.228125 0.218056 0.050000 0.130556
9 0.361719 0.221528 0.045312 0.137500
9 0.406250 0.219444 0.050000 0.130556
9 0.408203 0.824306 0.050781 0.131944
9 0.366016 0.824306 0.050781 0.129167
9 0.408594 0.824306 0.050000 0.134722
0 0.274219 0.824306 0.050000 0.129167
3 0.184766 0.829167 0.050781 0.133333
5 0.044531 0.830556 0.050000 0.133333
0 0.138672 0.830556 0.050781 0.130556
5 0.228516 0.825694 0.050781 0.134722
0 0.092188 0.830556 0.051562 0.130556
6 0.319141 0.218056 0.050781 0.130556
6 0.319531 0.824306 0.053125 0.134722
10 0.226562 0.218056 0.412500 0.147222
10 0.226953 0.827778 0.421094 0.144444
