2 0.955469 0.137500 0.060937 0.137500
6 0.900000 0.138542 0.062500 0.131250
5 0.843750 0.138542 0.059375 0.127083
9 0.787500 0.138542 0.056250 0.127083
5 0.511719 0.141667 0.064062 0.133333
0 0.565625 0.139583 0.059375 0.125000
0 0.621094 0.136458 0.057813 0.131250
3 0.677344 0.140625 0.060937 0.131250
7 0.731250 0.141667 0.062500 0.129167
2 0.965625 0.707292 0.059375 0.127083
9 0.802344 0.702083 0.060937 0.125000
3 0.690625 0.706250 0.053125 0.125000
5 0.856250 0.702083 0.062500 0.125000
6 0.911719 0.702083 0.064062 0.125000
7 0.746094 0.705208 0.064062 0.118750
0 0.636719 0.710417 0.060937 0.125000
5 0.528125 0.708333 0.062500 0.125000
0 0.581250 0.710417 0.062500 0.120833
10 0.731250 0.138542 0.512500 0.139583
10 0.746094 0.709375 0.507812 0.135417
