0 0.109670 0.119223 0.047956 0.097689
5 0.067217 0.119223 0.047956 0.097689
0 0.149371 0.119748 0.047170 0.094538
6 0.350629 0.121849 0.048742 0.098739
3 0.190252 0.121849 0.047170 0.094538
9 0.230346 0.121849 0.048742 0.094538
1 0.387972 0.121849 0.038522 0.094538
0 0.269654 0.121849 0.047170 0.094538
2 0.311714 0.121849 0.047956 0.094538
5 0.070362 0.403887 0.049528 0.097689
1 0.389151 0.401786 0.039308 0.097689
0 0.110456 0.404412 0.047956 0.096639
3 0.192610 0.403887 0.047170 0.095588
9 0.234670 0.401786 0.046384 0.097689
0 0.273978 0.402311 0.047956 0.092437
2 0.313286 0.401786 0.046384 0.097689
0 0.152909 0.402311 0.047956 0.092437
0 0.274371 0.686975 0.044025 0.094538
2 0.315252 0.686975 0.048742 0.096639
1 0.391903 0.686450 0.038522 0.095588
9 0.233884 0.686975 0.046384 0.096639
3 0.192217 0.686975 0.047956 0.100840
5 0.067217 0.691702 0.047956 0.099790
0 0.110456 0.691702 0.047956 0.097689
0 0.151730 0.689601 0.047170 0.097689
6 0.355346 0.684349 0.044025 0.097689
6 0.354953 0.403887 0.044811 0.095588
10 0.224057 0.121849 0.363208 0.100840
10 0.227987 0.406513 0.366352 0.100840
10 0.229953 0.691176 0.373428 0.105042
