5 0.426042 0.241667 0.047917 0.102778
0 0.122917 0.238194 0.050000 0.098611
8 0.341667 0.241667 0.050000 0.105556
5 0.079167 0.238194 0.052083 0.104167
0 0.166667 0.238194 0.050000 0.101389
2 0.384896 0.243056 0.051042 0.108333
3 0.209375 0.238194 0.050000 0.101389
7 0.298438 0.241667 0.053125 0.100000
7 0.253646 0.241667 0.053125 0.100000
5 0.431771 0.680556 0.048958 0.102778
8 0.344792 0.680556 0.047917 0.105556
2 0.388542 0.680556 0.052083 0.105556
7 0.301563 0.680556 0.053125 0.102778
7 0.257292 0.680556 0.052083 0.105556
3 0.213021 0.684028 0.051042 0.104167
0 0.169271 0.684028 0.048958 0.104167
0 0.125000 0.681944 0.050000 0.102778
5 0.078646 0.685417 0.053125 0.106944
10 0.251042 0.241667 0.402083 0.113889
10 0.254167 0.685417 0.408333 0.115278
