0 0.512891 0.150694 0.049219 0.134722
9 0.600391 0.152778 0.050781 0.127778
9 0.642969 0.149306 0.050000 0.126389
5 0.470313 0.155556 0.050000 0.130556
3 0.428516 0.154167 0.049219 0.130556
0 0.338281 0.155556 0.046875 0.130556
5 0.294531 0.155556 0.050000 0.133333
0 0.383594 0.155556 0.048438 0.127778
9 0.642188 0.752778 0.046875 0.141667
6 0.556641 0.749306 0.049219 0.137500
9 0.601172 0.752778 0.049219 0.136111
0 0.512891 0.754167 0.049219 0.133333
5 0.469922 0.755556 0.047656 0.130556
3 0.423828 0.755556 0.050781 0.130556
0 0.381641 0.759028 0.047656 0.131944
0 0.335938 0.760417 0.046875 0.131944
5 0.291406 0.761806 0.050000 0.134722
6 0.556641 0.154167 0.049219 0.133333
10 0.469141 0.154167 0.399219 0.144444
10 0.466797 0.759028 0.403906 0.143056
