6 0.810937 0.304688 0.050000 0.094792
9 0.853516 0.304688 0.047656 0.094792
0 0.768750 0.306771 0.046875 0.092708
5 0.728125 0.308333 0.046875 0.091667
3 0.686719 0.309896 0.048438 0.092708
5 0.562500 0.309896 0.046875 0.094792
0 0.643750 0.309896 0.046875 0.092708
0 0.604688 0.310417 0.046875 0.095833
0 0.603516 0.741667 0.044531 0.091667
5 0.562891 0.741667 0.047656 0.093750
9 0.901563 0.742188 0.048438 0.098958
0 0.770703 0.740625 0.044531 0.093750
9 0.856250 0.741667 0.046875 0.097917
0 0.645703 0.742188 0.044531 0.092708
3 0.687500 0.742188 0.046875 0.094792
9 0.897266 0.307292 0.047656 0.097917
5 0.729688 0.742188 0.048438 0.096875
6 0.814063 0.741667 0.046875 0.100000
10 0.729688 0.309896 0.390625 0.109375
10 0.730469 0.741667 0.393750 0.108333
