5 0.208140 0.174691 0.045736 0.079947
0 0.255233 0.175133 0.043023 0.080830
0 0.300581 0.176237 0.045349 0.083039
2 0.347481 0.176458 0.043798 0.086131
3 0.390698 0.176458 0.045736 0.086131
7 0.436822 0.176458 0.046512 0.087014
0 0.489729 0.179108 0.045349 0.089664
5 0.535078 0.183525 0.043798 0.086131
1 0.587016 0.181979 0.048450 0.087456
5 0.212016 0.426237 0.040310 0.078622
0 0.257946 0.425133 0.043023 0.080830
0 0.303101 0.427562 0.045736 0.083039
2 0.347481 0.428004 0.043798 0.086572
3 0.391473 0.429329 0.044961 0.083039
7 0.444574 0.426237 0.047287 0.083039
0 0.492442 0.430654 0.046899 0.085689
5 0.544380 0.432200 0.045349 0.081714
1 0.589729 0.431979 0.048450 0.087456
5 0.208915 0.666078 0.040310 0.078622
0 0.253295 0.667845 0.046124 0.079505
0 0.298256 0.666299 0.046124 0.079064
2 0.341473 0.667845 0.044186 0.079505
3 0.383140 0.668949 0.043023 0.079947
7 0.435853 0.669170 0.050000 0.080389
0 0.483140 0.673145 0.046899 0.085689
5 0.533915 0.673366 0.045349 0.081714
1 0.580039 0.674912 0.048450 0.087456
5 0.203101 0.892668 0.039535 0.078622
0 0.248256 0.891343 0.042248 0.076855
0 0.290698 0.894214 0.043411 0.076413
2 0.331783 0.895981 0.044186 0.079064
3 0.373450 0.897527 0.043023 0.080389
7 0.417636 0.894435 0.050000 0.081272
0 0.467636 0.897085 0.046899 0.085689
5 0.509109 0.898631 0.045349 0.081714
1 0.557946 0.900177 0.048450 0.088339
10 0.397674 0.181095 0.429457 0.095406
10 0.403488 0.430212 0.426357 0.093640
10 0.395349 0.673807 0.417054 0.096731
10 0.382364 0.899293 0.398837 0.099823
