5 0.249669 0.229675 0.037086 0.097561
0 0.289073 0.229675 0.036424 0.097561
0 0.328477 0.229167 0.037086 0.098577
3 0.370530 0.229675 0.036424 0.101626
9 0.410265 0.225610 0.036424 0.101626
0 0.451325 0.225610 0.037748 0.101626
2 0.491722 0.229675 0.041722 0.109756
6 0.531126 0.226118 0.042384 0.104675
1 0.570199 0.226118 0.035762 0.104675
5 0.252318 0.553862 0.037086 0.097561
0 0.293709 0.553862 0.036424 0.093496
0 0.333444 0.553862 0.037748 0.097561
3 0.372848 0.553862 0.034437 0.097561
9 0.412914 0.553862 0.036424 0.097561
0 0.452318 0.553862 0.037086 0.097561
2 0.491722 0.553354 0.039073 0.100610
6 0.533444 0.549797 0.040397 0.101626
1 0.570861 0.553862 0.039735 0.105691
5 0.257285 0.869411 0.036424 0.098577
0 0.296689 0.869919 0.034437 0.093496
0 0.336424 0.870427 0.034437 0.090447
3 0.376159 0.870427 0.034437 0.096545
9 0.415232 0.870935 0.035762 0.093496
0 0.454967 0.870935 0.037086 0.093496
2 0.494371 0.870935 0.036424 0.097561
6 0.533775 0.870935 0.037086 0.097561
1 0.572517 0.870935 0.037748 0.101626
10 0.409603 0.229675 0.358278 0.107724
10 0.411921 0.554878 0.360265 0.101626
10 0.415232 0.871443 0.354967 0.106707
