5 0.088201 0.191765 0.036215 0.072941
0 0.133762 0.192059 0.038551 0.072353
0 0.176694 0.193824 0.036799 0.073529
3 0.223423 0.193824 0.041472 0.073529
7 0.269568 0.194706 0.044977 0.077647
7 0.316589 0.194706 0.045561 0.077647
8 0.363610 0.194118 0.041472 0.075294
2 0.409171 0.194706 0.041472 0.075294
5 0.453271 0.192353 0.042056 0.077647
5 0.091706 0.549118 0.037383 0.073529
0 0.135222 0.549412 0.036799 0.072941
0 0.180491 0.549118 0.038551 0.073529
3 0.226928 0.549118 0.041472 0.074706
7 0.271028 0.549706 0.045561 0.077059
7 0.318049 0.549706 0.046145 0.077059
8 0.367699 0.549706 0.041472 0.074706
2 0.411215 0.552353 0.042056 0.075294
5 0.458528 0.549706 0.042056 0.077059
5 0.096379 0.904412 0.037383 0.073529
0 0.139895 0.904706 0.036799 0.072941
0 0.185164 0.904706 0.038551 0.072941
3 0.228972 0.907353 0.042056 0.074706
7 0.275701 0.907059 0.046729 0.077647
7 0.323014 0.907059 0.045561 0.077647
8 0.372664 0.906471 0.044393 0.075294
2 0.416472 0.908824 0.042056 0.075294
5 0.463201 0.907059 0.042056 0.077647
10 0.273949 0.194412 0.412383 0.085294
10 0.277161 0.550882 0.414136 0.081765
10 0.281250 0.906471 0.416472 0.084706
