5 0.170313 0.297917 0.031250 0.093056
0 0.201563 0.299306 0.031250 0.090278
0 0.233984 0.302778 0.028906 0.091667
2 0.266016 0.305556 0.032031 0.091667
8 0.297266 0.304167 0.032031 0.094444
9 0.327734 0.306944 0.028906 0.094444
8 0.358203 0.306944 0.030469 0.091667
2 0.391016 0.310417 0.032031 0.095833
1 0.418359 0.313889 0.024219 0.097222
5 0.166797 0.590278 0.028906 0.094444
0 0.197266 0.593056 0.028906 0.091667
0 0.229687 0.594444 0.028125 0.088889
2 0.260937 0.597917 0.031250 0.093056
8 0.291797 0.597917 0.030469 0.093056
9 0.323047 0.599306 0.030469 0.095833
8 0.353516 0.602778 0.028906 0.094444
2 0.384766 0.602083 0.032031 0.095833
1 0.413672 0.605556 0.025781 0.094444
5 0.160938 0.881944 0.031250 0.091667
0 0.192188 0.883333 0.031250 0.088889
0 0.224219 0.886806 0.029687 0.090278
2 0.255469 0.890278 0.029687 0.094444
8 0.285938 0.888194 0.028125 0.093056
9 0.317188 0.890278 0.031250 0.091667
8 0.348438 0.891667 0.031250 0.094444
2 0.379688 0.893056 0.031250 0.094444
1 0.407813 0.894444 0.028125 0.094444
10 0.294141 0.307639 0.280469 0.118056
10 0.290234 0.597917 0.277344 0.118056
10 0.283984 0.890278 0.280469 0.111111
