5 0.050000 0.156250 0.062500 0.125000
0 0.106250 0.156250 0.062500 0.125000
0 0.162500 0.158333 0.059375 0.125000
3 0.218750 0.159375 0.062500 0.127083
7 0.275000 0.162500 0.065625 0.125000
0 0.503125 0.162500 0.065625 0.129167
9 0.332813 0.163542 0.065625 0.127083
2 0.446875 0.163542 0.065625 0.122917
4 0.392188 0.164583 0.068750 0.125000
0 0.512500 0.795833 0.062500 0.125000
8 0.345313 0.796875 0.062500 0.131250
5 0.456250 0.797917 0.062500 0.129167
8 0.346875 0.801042 0.062500 0.131250
8 0.290625 0.800000 0.059375 0.125000
7 0.400000 0.800000 0.065625 0.125000
2 0.236719 0.803125 0.070312 0.131250
0 0.179688 0.806250 0.065625 0.125000
0 0.121875 0.805208 0.065625 0.131250
5 0.062500 0.807292 0.068750 0.135417
10 0.276562 0.161458 0.525000 0.143750
10 0.284375 0.804167 0.521875 0.145833
