0 0.964063 0.158333 0.062500 0.125000
2 0.907813 0.159375 0.065625 0.127083
3 0.684375 0.163542 0.062500 0.127083
4 0.850000 0.162500 0.068750 0.125000
0 0.575000 0.164583 0.059375 0.125000
0 0.628125 0.164583 0.059375 0.125000
5 0.521094 0.162500 0.054688 0.125000
9 0.793750 0.162500 0.062500 0.125000
7 0.737500 0.162500 0.059375 0.125000
7 0.855469 0.797917 0.067187 0.133333
8 0.746094 0.796875 0.064062 0.131250
8 0.799219 0.795833 0.064062 0.125000
5 0.909375 0.795833 0.065625 0.125000
0 0.965625 0.795833 0.059375 0.125000
0 0.636719 0.800000 0.060937 0.125000
5 0.525000 0.801042 0.065625 0.131250
2 0.689844 0.796875 0.064062 0.127083
0 0.580469 0.801042 0.064062 0.122917
10 0.744531 0.159375 0.504687 0.122917
10 0.744531 0.798958 0.510938 0.139583
