5 0.302344 0.162500 0.064062 0.125000
0 0.356250 0.162500 0.062500 0.120833
9 0.575000 0.162500 0.062500 0.120833
2 0.689844 0.164583 0.064062 0.125000
7 0.521875 0.166667 0.065625 0.125000
0 0.412500 0.166667 0.059375 0.125000
3 0.465625 0.164583 0.062500 0.125000
8 0.577344 0.796875 0.064062 0.131250
5 0.687500 0.796875 0.065625 0.131250
7 0.633594 0.797917 0.064062 0.129167
8 0.525000 0.798958 0.062500 0.131250
0 0.740625 0.794792 0.059375 0.127083
2 0.470313 0.800000 0.065625 0.133333
0 0.412500 0.802083 0.059375 0.125000
0 0.358594 0.802083 0.060937 0.125000
5 0.302344 0.804167 0.070312 0.129167
4 0.631250 0.162500 0.068750 0.129167
0 0.745313 0.164583 0.065625 0.125000
10 0.525000 0.167708 0.515625 0.139583
10 0.519531 0.797917 0.514062 0.145833
