5 0.074219 0.157292 0.067187 0.131250
0 0.131250 0.162500 0.065625 0.125000
0 0.189844 0.163542 0.064062 0.127083
2 0.246094 0.162500 0.067187 0.133333
8 0.300000 0.162500 0.062500 0.125000
8 0.356250 0.169792 0.062500 0.127083
7 0.411719 0.168750 0.067187 0.125000
5 0.467969 0.168750 0.064062 0.125000
0 0.524219 0.168750 0.067187 0.125000
9 0.371875 0.857292 0.065625 0.135417
7 0.312500 0.854167 0.065625 0.129167
3 0.256250 0.854167 0.062500 0.133333
0 0.143750 0.857292 0.062500 0.131250
0 0.199219 0.853125 0.064062 0.131250
5 0.086719 0.855208 0.067187 0.135417
4 0.430469 0.854167 0.070312 0.133333
2 0.486719 0.853125 0.067187 0.131250
0 0.540625 0.850000 0.062500 0.125000
10 0.296875 0.165625 0.515625 0.135417
10 0.314844 0.853125 0.526563 0.139583
