5 0.309375 0.134375 0.062500 0.131250
0 0.367188 0.141667 0.062500 0.125000
0 0.421094 0.140625 0.060937 0.127083
2 0.475000 0.143750 0.062500 0.125000
8 0.527344 0.142708 0.057813 0.127083
8 0.584375 0.143750 0.062500 0.125000
0 0.746875 0.147917 0.062500 0.125000
5 0.690625 0.147917 0.059375 0.129167
7 0.637500 0.147917 0.062500 0.125000
4 0.653125 0.825000 0.062500 0.137500
9 0.595313 0.825000 0.068750 0.125000
7 0.536719 0.829167 0.064062 0.133333
3 0.484375 0.829167 0.059375 0.129167
0 0.429688 0.827083 0.062500 0.125000
0 0.371875 0.829167 0.062500 0.125000
2 0.711719 0.831250 0.067187 0.125000
5 0.317969 0.828125 0.057813 0.131250
0 0.765625 0.829167 0.062500 0.125000
10 0.527344 0.142708 0.501563 0.147917
10 0.543750 0.829167 0.512500 0.141667
