10 0.3581 0.2496 0.5168 0.0745
10 0.3699 0.4803 0.5340 0.0771
10 0.3782 0.9498 0.5547 0.0855
10 0.3771 0.7110 0.5227 0.0801
10 0.3413 0.0356 0.5490 0.0556
8 0.3527 0.0264 0.0765 0.0610
8 0.4688 0.0265 0.0762 0.0626
0 0.2353 0.0286 0.0702 0.0559
8 0.3861 0.9449 0.0746 0.0749
0 0.2087 0.9489 0.0717 0.0810
8 0.3642 0.2468 0.0745 0.0696
8 0.4804 0.2465 0.0755 0.0717
0 0.1758 0.0284 0.0694 0.0583
2 0.5516 0.4763 0.0740 0.0665
2 0.5269 0.0264 0.0665 0.0524
5 0.1470 0.9515 0.0745 0.0856
8 0.3857 0.7078 0.0756 0.0730
1 0.6149 0.7066 0.0589 0.0770
0 0.2686 0.9481 0.0766 0.0748
0 0.1907 0.2487 0.0723 0.0801
2 0.3066 0.2481 0.0677 0.0682
2 0.5377 0.2473 0.0740 0.0709
5 0.1155 0.0283 0.0537 0.0615
2 0.5629 0.9473 0.0738 0.0856
9 0.4105 0.0280 0.0717 0.0635
9 0.4450 0.9455 0.0729 0.0772
8 0.5038 0.9453 0.0792 0.0757
8 0.5028 0.7066 0.0728 0.0743
1 0.6211 0.9469 0.0689 0.0882
0 0.2116 0.7125 0.0738 0.0799
0 0.2615 0.4789 0.0701 0.0776
2 0.5613 0.7068 0.0705 0.0722
2 0.3274 0.7087 0.0686 0.0723
9 0.4217 0.2476 0.0693 0.0778
9 0.4348 0.4770 0.0687 0.0782
1 0.5780 0.0258 0.0576 0.0581
2 0.3284 0.9471 0.0682 0.0745
8 0.4917 0.4756 0.0731 0.0708
5 0.1511 0.7128 0.0729 0.0663
1 0.5920 0.2461 0.0607 0.0648
0 0.2698 0.7111 0.0717 0.0766
0 0.2484 0.2486 0.0722 0.0775
2 0.2940 0.0280 0.0695 0.0559
5 0.1317 0.2480 0.0699 0.0730
8 0.3758 0.4758 0.0755 0.0696
5 0.1452 0.4795 0.0704 0.0768
1 0.6042 0.4751 0.0592 0.0712
0 0.2034 0.4793 0.0725 0.0766
2 0.3199 0.4781 0.0750 0.0672
9 0.4445 0.7080 0.0753 0.0783
