10 0.5687 0.6184 0.5125 0.1705
10 0.5697 0.3733 0.6023 0.2334
10 0.5683 0.1279 0.5457 0.2125
10 0.5691 0.8448 0.6121 0.2103
5 0.7903 0.8471 0.0658 0.1982
7 0.5637 0.8513 0.0648 0.1795
8 0.6872 0.1294 0.0683 0.2071
5 0.7913 0.6121 0.0867 0.2018
8 0.6810 0.3761 0.0635 0.2090
8 0.6787 0.6140 0.0639 0.1885
7 0.6252 0.3770 0.0616 0.1994
7 0.5648 0.3777 0.0615 0.1857
0 0.3967 0.8439 0.0663 0.1760
0 0.3971 0.6109 0.0625 0.1740
0 0.4513 0.1261 0.0661 0.1975
2 0.7431 0.3761 0.0890 0.1914
0 0.4532 0.6116 0.0595 0.1793
2 0.7320 0.8496 0.0651 0.1893
5 0.3380 0.1249 0.0850 0.2074
5 0.7946 0.3731 0.0851 0.2019
7 0.6274 0.1283 0.0799 0.2094
0 0.3932 0.1251 0.0626 0.2006
3 0.5099 0.1270 0.0697 0.2100
5 0.8042 0.1286 0.0864 0.2100
2 0.7450 0.1300 0.0837 0.2173
5 0.3407 0.3742 0.0631 0.1755
7 0.6227 0.6149 0.0632 0.1821
0 0.4527 0.3744 0.0617 0.1811
3 0.5082 0.6134 0.0658 0.1596
8 0.6769 0.8494 0.0614 0.1846
5 0.3418 0.6111 0.0643 0.1664
7 0.5639 0.6157 0.0647 0.1736
0 0.3967 0.3733 0.0639 0.1817
3 0.5093 0.3762 0.0679 0.1654
