10 0.2920 0.2458 0.1063 0.0361
10 0.3089 0.7433 0.1185 0.0356
10 0.3094 0.5950 0.1009 0.0380
9 0.5596 0.2467 0.0155 0.0439
9 0.5422 0.2469 0.0131 0.0379
8 0.3096 0.8368 0.0121 0.0263
0 0.5251 0.2475 0.0153 0.0325
0 0.2929 0.2455 0.0163 0.0319
0 0.2936 0.0547 0.0138 0.0382
0 0.2601 0.2452 0.0162 0.0388
0 0.2756 0.5953 0.0165 0.0389
2 0.2758 0.2454 0.0166 0.0342
2 0.6068 0.2472 0.0154 0.0310
8 0.3077 0.7435 0.0138 0.0338
0 0.2753 0.4280 0.0177 0.0349
8 0.3252 0.7407 0.0143 0.0312
5 0.2428 0.0539 0.0171 0.0455
5 0.2588 0.5960 0.0163 0.0333
2 0.2927 0.7444 0.0133 0.0282
5 0.2444 0.2456 0.0169 0.0441
9 0.3237 0.5945 0.0145 0.0332
8 0.3271 0.2451 0.0144 0.0296
2 0.3112 0.0536 0.0127 0.0318
0 0.5073 0.2474 0.0145 0.0299
0 0.2608 0.0529 0.0139 0.0421
0 0.2903 0.5946 0.0150 0.0372
0 0.3382 0.2457 0.0136 0.0343
2 0.5717 0.2463 0.0146 0.0431
0 0.2737 0.7437 0.0134 0.0257
9 0.3107 0.2446 0.0129 0.0326
0 0.5893 0.2478 0.0151 0.0421
5 0.2564 0.4290 0.0169 0.0330
