10 0.4625 0.2433 0.6660 0.1082
10 0.4459 0.6396 0.6691 0.0568
10 0.4585 0.4394 0.7520 0.0692
0 0.2583 0.4410 0.0951 0.0595
0 0.2735 0.9054 0.0591 0.0545
0 0.3290 0.6097 0.0756 0.0697
0 0.2635 0.6082 0.0842 0.0702
7 0.6370 0.6933 0.0943 0.0606
3 0.3947 0.6098 0.0712 0.0744
3 0.3909 0.2590 0.0928 0.0997
0 0.2690 0.6884 0.0711 0.0560
0 0.3188 0.2571 0.0872 0.0865
0 0.3250 0.4409 0.0844 0.0641
2 0.7299 0.2626 0.0955 0.0967
0 0.3289 0.6892 0.0764 0.0609
7 0.6585 0.2622 0.0786 0.0914
6 0.5872 0.2623 0.0903 0.0946
9 0.5112 0.2617 0.0866 0.0810
