10 0.5711 0.8083 0.4499 0.1368
10 0.5636 0.1731 0.4855 0.1831
10 0.5659 0.6099 0.4862 0.1350
10 0.5658 0.3971 0.5209 0.1693
7 0.5564 0.1708 0.0646 0.1833
3 0.5044 0.3947 0.0654 0.1614
3 0.4986 0.1726 0.0623 0.1520
0 0.4527 0.3944 0.0584 0.1808
0 0.4466 0.1721 0.0577 0.1764
2 0.7197 0.3886 0.0623 0.2025
8 0.6646 0.3932 0.0568 0.2069
5 0.7820 0.1562 0.0830 0.2053
7 0.5596 0.8100 0.0563 0.1681
2 0.7229 0.1614 0.0626 0.2096
8 0.6695 0.1620 0.0674 0.2124
7 0.5589 0.3946 0.0630 0.1835
0 0.3948 0.1720 0.0602 0.1807
5 0.3402 0.1736 0.0615 0.1804
