10 0.5830 0.1706 0.5743 0.2155
10 0.5821 0.4149 0.5068 0.1801
10 0.5853 0.6371 0.4842 0.1887
0 0.4726 0.4123 0.0570 0.1736
0 0.4152 0.1764 0.0616 0.1921
7 0.6425 0.1714 0.0824 0.2276
3 0.5225 0.1749 0.0643 0.1746
5 0.3608 0.4119 0.0788 0.1825
2 0.7497 0.1637 0.0763 0.2212
0 0.4203 0.4137 0.0635 0.1794
5 0.8108 0.1614 0.0824 0.2073
0 0.4693 0.1762 0.0574 0.1911
7 0.5792 0.4109 0.0662 0.1919
3 0.5239 0.4110 0.0622 0.1607
8 0.6939 0.1710 0.0589 0.1982
8 0.6933 0.4065 0.0567 0.1845
5 0.3553 0.1768 0.0792 0.2026
7 0.5811 0.1727 0.0755 0.2190
