10 0.2249 0.6925 0.2422 0.0432
10 0.2258 0.5583 0.2203 0.0451
10 0.2223 0.8191 0.2336 0.0414
10 0.2270 0.4225 0.2097 0.0422
10 0.2275 0.2857 0.1993 0.0407
10 0.2252 0.5634 0.1202 0.0411
10 0.2275 0.2874 0.0795 0.0415
10 0.2234 0.9462 0.2254 0.0492
10 0.2238 0.6956 0.1048 0.0406
10 0.2409 0.8231 0.1212 0.0372
10 0.2422 0.9424 0.1088 0.0390
10 0.7585 0.4530 0.3132 0.0390
10 0.2278 0.4281 0.1032 0.0429
2 0.2024 0.5606 0.0290 0.0343
2 0.6589 0.5699 0.0253 0.0275
0 0.1722 0.8201 0.0278 0.0341
0 0.8519 0.5769 0.0290 0.0323
0 0.1801 0.4230 0.0328 0.0379
2 0.2053 0.4236 0.0286 0.0388
0 0.6357 0.5706 0.0252 0.0301
2 0.6421 0.8224 0.0193 0.0359
2 0.2648 0.8205 0.0273 0.0309
0 0.2543 0.4266 0.0227 0.0344
0 0.8407 0.7027 0.0240 0.0250
0 0.6078 0.9412 0.0182 0.0287
5 0.1286 0.6927 0.0238 0.0409
2 0.2094 0.2857 0.0311 0.0284
0 0.2429 0.9413 0.0236 0.0354
0 0.8601 0.4474 0.0257 0.0268
0 0.6270 0.6987 0.0197 0.0295
2 0.1950 0.8199 0.0320 0.0298
0 0.1757 0.6938 0.0273 0.0348
9 0.2866 0.9399 0.0275 0.0276
0 0.1526 0.9412 0.0263 0.0315
0 0.1571 0.4238 0.0280 0.0378
0 0.2291 0.4261 0.0282 0.0370
0 0.2464 0.6955 0.0280 0.0351
1 0.3082 0.9398 0.0287 0.0258
2 0.1974 0.9409 0.0272 0.0248
9 0.7549 0.5733 0.0294 0.0307
2 0.6527 0.6975 0.0218 0.0307
0 0.8270 0.8234 0.0244 0.0283
5 0.1373 0.4223 0.0219 0.0359
5 0.6105 0.6973 0.0167 0.0336
0 0.2429 0.8223 0.0264 0.0371
5 0.1270 0.8204 0.0253 0.0367
0 0.2588 0.2873 0.0238 0.0368
0 0.2297 0.2865 0.0273 0.0351
9 0.2013 0.6939 0.0272 0.0327
0 0.1515 0.8203 0.0300 0.0335
8 0.2914 0.6965 0.0285 0.0350
9 0.2636 0.9404 0.0250 0.0304
0 0.1748 0.9409 0.0265 0.0389
9 0.2254 0.5617 0.0259 0.0387
9 0.2681 0.8204 0.0295 0.0228
9 0.2205 0.9413 0.0260 0.0353
9 0.2760 0.4260 0.0264 0.0290
0 0.1767 0.5607 0.0314 0.0366
0 0.1527 0.5608 0.0281 0.0322
9 0.2729 0.5618 0.0261 0.0347
9 0.2208 0.8214 0.0249 0.0380
2 0.2803 0.2875 0.0246 0.0277
1 0.3119 0.8233 0.0307 0.0242
9 0.2242 0.6944 0.0239 0.0395
5 0.1288 0.5588 0.0256 0.0401
9 0.7859 0.4425 0.0270 0.0295
0 0.2522 0.5629 0.0225 0.0364
8 0.2962 0.5640 0.0283 0.0328
0 0.1520 0.6934 0.0282 0.0340
9 0.2688 0.6942 0.0299 0.0309
