10 0.1627 0.6872 0.2114 0.0447
10 0.1621 0.5650 0.0974 0.0400
10 0.1591 0.8112 0.1525 0.0404
10 0.1623 0.4361 0.0888 0.0387
10 0.1713 0.3124 0.2024 0.0437
10 0.1634 0.5613 0.2090 0.0453
10 0.1643 0.4434 0.1987 0.0469
10 0.1606 0.9266 0.1537 0.0358
10 0.1566 0.3041 0.0860 0.0409
10 0.6743 0.4569 0.3104 0.0381
9 0.1752 0.1731 0.0285 0.0362
9 0.6863 0.5719 0.0217 0.0248
9 0.6272 0.8083 0.0214 0.0259
2 0.2117 0.4357 0.0286 0.0290
0 0.1852 0.9219 0.0241 0.0325
2 0.1444 0.4352 0.0275 0.0294
0 0.0979 0.4346 0.0245 0.0352
0 0.7258 0.6934 0.0160 0.0322
2 0.5605 0.8090 0.0187 0.0324
0 0.5548 0.9220 0.0206 0.0251
5 0.0761 0.8072 0.0243 0.0387
5 0.5283 0.6894 0.0163 0.0353
5 0.0768 0.3030 0.0232 0.0404
0 0.2302 0.6883 0.0276 0.0346
0 0.1954 0.1734 0.0256 0.0342
2 0.2137 0.3060 0.0247 0.0269
2 0.1466 0.3029 0.0301 0.0267
5 0.0751 0.6872 0.0260 0.0437
0 0.7716 0.3289 0.0308 0.0315
0 0.1229 0.9233 0.0273 0.0366
0 0.1019 0.3022 0.0246 0.0357
5 0.5259 0.8078 0.0163 0.0379
0 0.1018 0.9227 0.0255 0.0331
5 0.0762 0.4347 0.0257 0.0430
0 0.1935 0.3055 0.0227 0.0365
0 0.1917 0.4367 0.0240 0.0377
2 0.5708 0.6915 0.0203 0.0316
0 0.1190 0.6874 0.0287 0.0357
2 0.1414 0.6885 0.0263 0.0317
0 0.7454 0.6931 0.0213 0.0322
8 0.2362 0.4371 0.0279 0.0271
0 0.1204 0.5627 0.0259 0.0367
0 0.2266 0.8083 0.0241 0.0350
9 0.7680 0.6913 0.0217 0.0229
0 0.7380 0.8070 0.0223 0.0291
0 0.1226 0.4347 0.0301 0.0373
0 0.1863 0.6887 0.0263 0.0339
0 0.5522 0.5705 0.0209 0.0266
0 0.5937 0.8101 0.0222 0.0246
2 0.7364 0.5755 0.0209 0.0259
2 0.1402 0.5636 0.0257 0.0306
9 0.6629 0.5722 0.0227 0.0286
9 0.7725 0.5765 0.0204 0.0288
0 0.1239 0.3031 0.0258 0.0364
0 0.7635 0.4538 0.0237 0.0322
2 0.1394 0.8088 0.0289 0.0385
5 0.0754 0.5617 0.0233 0.0405
0 0.5450 0.6914 0.0172 0.0348
0 0.5407 0.8097 0.0179 0.0370
0 0.0957 0.5628 0.0249 0.0401
0 0.1847 0.8080 0.0289 0.0326
9 0.1637 0.5642 0.0257 0.0325
0 0.0947 0.8091 0.0232 0.0343
1 0.2386 0.3084 0.0244 0.0261
9 0.1712 0.4357 0.0219 0.0362
2 0.7418 0.4544 0.0212 0.0301
1 0.2571 0.4391 0.0292 0.0262
2 0.2072 0.5631 0.0249 0.0308
9 0.7856 0.4542 0.0219 0.0232
1 0.2271 0.9218 0.0229 0.0275
9 0.1628 0.9242 0.0257 0.0341
9 0.1633 0.6888 0.0302 0.0348
1 0.2600 0.3106 0.0283 0.0235
1 0.2533 0.6880 0.0303 0.0257
0 0.7550 0.5752 0.0231 0.0340
9 0.1728 0.3047 0.0254 0.0417
2 0.2048 0.6872 0.0278 0.0369
2 0.5757 0.5701 0.0213 0.0276
9 0.2046 0.9207 0.0236 0.0302
9 0.1612 0.8094 0.0265 0.0363
0 0.1185 0.8085 0.0282 0.0362
8 0.1896 0.5640 0.0210 0.0348
0 0.0967 0.6877 0.0247 0.0380
9 0.2055 0.8074 0.0242 0.0352
