10 0.5719 0.8125 0.1216 0.0427
10 0.5722 0.5793 0.1228 0.0475
10 0.5720 0.6964 0.1116 0.0456
10 0.5727 0.9273 0.1131 0.0419
10 0.5728 0.4603 0.1222 0.0494
10 0.5732 0.3373 0.1165 0.0503
10 0.5731 0.2093 0.1195 0.0532
10 0.5731 0.0770 0.1198 0.0528
8 0.5748 0.8120 0.0147 0.0413
9 0.5938 0.2069 0.0148 0.0420
2 0.5945 0.3359 0.0134 0.0396
0 0.6071 0.3359 0.0138 0.0388
2 0.6107 0.8117 0.0134 0.0365
2 0.6077 0.4588 0.0126 0.0405
0 0.6085 0.0756 0.0138 0.0399
0 0.5418 0.9270 0.0155 0.0470
0 0.6190 0.0762 0.0134 0.0389
2 0.5571 0.0762 0.0170 0.0461
0 0.5370 0.0765 0.0162 0.0429
2 0.6104 0.6961 0.0139 0.0400
0 0.6094 0.5788 0.0136 0.0399
2 0.6076 0.2066 0.0138 0.0400
2 0.5592 0.9267 0.0151 0.0376
9 0.5927 0.6960 0.0134 0.0432
2 0.5564 0.4594 0.0158 0.0428
2 0.6095 0.9251 0.0135 0.0381
2 0.5571 0.2084 0.0171 0.0432
2 0.5582 0.3370 0.0152 0.0436
5 0.5242 0.6966 0.0165 0.0421
0 0.5286 0.2089 0.0146 0.0501
9 0.5750 0.4598 0.0150 0.0481
9 0.5756 0.0766 0.0155 0.0468
0 0.5402 0.5793 0.0141 0.0408
8 0.5748 0.9267 0.0149 0.0409
0 0.5429 0.6973 0.0141 0.0382
0 0.5386 0.3367 0.0149 0.0438
2 0.5577 0.6967 0.0144 0.0374
9 0.5933 0.4585 0.0139 0.0453
0 0.6191 0.2069 0.0128 0.0411
1 0.6194 0.6957 0.0119 0.0344
9 0.5919 0.8122 0.0134 0.0433
0 0.5406 0.4592 0.0144 0.0435
0 0.5265 0.0772 0.0142 0.0484
5 0.5151 0.4590 0.0125 0.0475
0 0.5256 0.4591 0.0143 0.0478
0 0.6189 0.4585 0.0126 0.0406
0 0.6191 0.3355 0.0140 0.0370
5 0.5142 0.3362 0.0151 0.0465
9 0.5742 0.6958 0.0144 0.0430
2 0.5589 0.8130 0.0155 0.0375
9 0.5753 0.5791 0.0152 0.0469
0 0.5416 0.8134 0.0149 0.0472
0 0.5292 0.3361 0.0152 0.0452
9 0.5918 0.9263 0.0146 0.0433
0 0.6194 0.8119 0.0110 0.0414
5 0.5238 0.9270 0.0147 0.0460
9 0.5758 0.2084 0.0155 0.0478
5 0.5235 0.5793 0.0155 0.0419
9 0.5764 0.3369 0.0145 0.0478
5 0.5131 0.2095 0.0146 0.0524
2 0.5567 0.5791 0.0158 0.0417
2 0.5948 0.0748 0.0156 0.0411
9 0.5937 0.5784 0.0135 0.0441
0 0.5380 0.2084 0.0155 0.0438
5 0.5237 0.8131 0.0153 0.0426
5 0.5117 0.0779 0.0147 0.0540
0 0.6192 0.5789 0.0128 0.0399
