10 0.2775 0.4711 0.1434 0.0254
10 0.2929 0.8147 0.1682 0.0225
10 0.2892 0.6098 0.1491 0.0236
10 0.2914 0.7471 0.1647 0.0229
10 0.2879 0.1081 0.1591 0.0228
10 0.2891 0.5392 0.1203 0.0244
10 0.2900 0.1787 0.1709 0.0260
10 0.2910 0.6788 0.1382 0.0262
10 0.2783 0.3974 0.1931 0.0230
10 0.3056 0.9425 0.1200 0.0220
10 0.2959 0.8799 0.1688 0.0219
10 0.2898 0.3247 0.1314 0.0224
10 0.2891 0.0368 0.1518 0.0238
10 0.2741 0.2526 0.0924 0.0256
9 0.3437 0.8147 0.0252 0.0202
9 0.3133 0.7477 0.0235 0.0177
9 0.3294 0.3965 0.0244 0.0226
9 0.3366 0.5370 0.0216 0.0220
0 0.2540 0.8788 0.0241 0.0255
2 0.2589 0.3238 0.0185 0.0206
0 0.2398 0.6790 0.0236 0.0295
0 0.2914 0.5399 0.0200 0.0224
0 0.2562 0.9411 0.0214 0.0233
2 0.2730 0.8140 0.0238 0.0234
9 0.3382 0.0365 0.0197 0.0214
0 0.2873 0.2528 0.0202 0.0270
5 0.1906 0.1758 0.0235 0.0294
0 0.3536 0.3981 0.0232 0.0239
0 0.2148 0.6785 0.0235 0.0273
0 0.2388 0.6093 0.0220 0.0255
0 0.2360 0.5386 0.0225 0.0234
0 0.3599 0.1786 0.0183 0.0209
0 0.2918 0.3259 0.0190 0.0197
0 0.2068 0.4698 0.0203 0.0239
0 0.3615 0.0379 0.0185 0.0186
0 0.3632 0.7488 0.0195 0.0248
0 0.2365 0.2522 0.0222 0.0229
0 0.2298 0.9405 0.0227 0.0162
0 0.2302 0.3233 0.0171 0.0212
0 0.2386 0.1783 0.0229 0.0236
5 0.1892 0.6064 0.0237 0.0243
5 0.1946 0.7460 0.0237 0.0269
5 0.1798 0.3940 0.0250 0.0255
0 0.2249 0.9955 0.0311 0.0094
0 0.2062 0.3960 0.0241 0.0288
0 0.2388 0.0379 0.0222 0.0196
0 0.3687 0.8157 0.0253 0.0206
0 0.2797 0.5405 0.0193 0.0175
0 0.2375 0.1076 0.0215 0.0166
0 0.2796 0.4704 0.0218 0.0226
0 0.3047 0.8802 0.0222 0.0155
0 0.3030 0.9425 0.0255 0.0148
0 0.2463 0.8134 0.0246 0.0281
0 0.2109 0.0386 0.0213 0.0232
0 0.2891 0.1087 0.0210 0.0210
0 0.2446 0.7466 0.0234 0.0235
9 0.3239 0.9425 0.0232 0.0172
9 0.3123 0.1787 0.0220 0.0216
5 0.2070 0.8767 0.0275 0.0219
0 0.3690 0.8810 0.0232 0.0243
9 0.3045 0.4698 0.0237 0.0182
0 0.2132 0.1768 0.0237 0.0279
2 0.2741 0.1788 0.0197 0.0178
2 0.2598 0.2518 0.0228 0.0241
0 0.3722 0.9431 0.0210 0.0187
0 0.3575 0.3248 0.0207 0.0304
2 0.2601 0.1786 0.0196 0.0196
9 0.3214 0.8141 0.0247 0.0220
9 0.3376 0.2518 0.0228 0.0268
9 0.3120 0.6788 0.0252 0.0267
0 0.3548 0.4706 0.0232 0.0263
0 0.2881 0.6105 0.0223 0.0211
0 0.2394 0.9963 0.0262 0.0109
0 0.2281 0.3963 0.0196 0.0257
0 0.2900 0.6798 0.0219 0.0257
2 0.2583 0.4694 0.0217 0.0230
9 0.3101 0.2526 0.0226 0.0248
9 0.3464 0.8798 0.0236 0.0208
1 0.3871 0.1774 0.0218 0.0159
1 0.3771 0.3982 0.0208 0.0211
9 0.3103 0.3246 0.0215 0.0237
0 0.3625 0.2527 0.0215 0.0248
0 0.3700 0.1783 0.0193 0.0200
2 0.2595 0.1077 0.0211 0.0169
0 0.2202 0.7467 0.0246 0.0271
0 0.3566 0.5392 0.0239 0.0311
2 0.2570 0.3959 0.0219 0.0192
1 0.3764 0.3259 0.0159 0.0269
0 0.2789 0.3252 0.0168 0.0179
2 0.2930 0.9981 0.0311 0.0054
9 0.3360 0.3233 0.0201 0.0244
2 0.2751 0.9977 0.0262 0.0057
9 0.3059 0.3956 0.0234 0.0265
2 0.2776 0.9423 0.0208 0.0157
1 0.3853 0.2534 0.0199 0.0228
0 0.3590 0.6096 0.0225 0.0287
2 0.2624 0.6795 0.0221 0.0203
2 0.2596 0.5388 0.0201 0.0224
1 0.3914 0.8811 0.0214 0.0218
0 0.2101 0.5391 0.0217 0.0307
9 0.3365 0.6080 0.0245 0.0260
5 0.1869 0.3220 0.0222 0.0197
5 0.2033 0.8116 0.0286 0.0165
5 0.1884 0.5379 0.0229 0.0226
0 0.3606 0.1064 0.0214 0.0248
0 0.2110 0.6080 0.0233 0.0310
9 0.3407 0.7477 0.0219 0.0265
2 0.2602 0.9969 0.0247 0.0081
5 0.1874 0.2518 0.0234 0.0228
9 0.3375 0.6774 0.0242 0.0303
1 0.3861 0.1051 0.0206 0.0177
0 0.2081 0.3243 0.0238 0.0307
9 0.3102 0.6102 0.0236 0.0213
5 0.2105 0.9955 0.0295 0.0107
5 0.2074 0.9395 0.0225 0.0199
5 0.1890 0.1049 0.0228 0.0230
9 0.3107 0.5389 0.0227 0.0236
0 0.2266 0.8779 0.0260 0.0276
2 0.2619 0.6092 0.0212 0.0207
9 0.3289 0.4697 0.0246 0.0205
1 0.3917 0.8178 0.0239 0.0228
1 0.3906 0.7511 0.0221 0.0263
8 0.2969 0.8811 0.0219 0.0153
9 0.3394 0.1773 0.0232 0.0268
1 0.3859 0.6101 0.0240 0.0213
9 0.3107 0.1082 0.0222 0.0202
8 0.2903 0.0381 0.0190 0.0186
0 0.2927 0.1790 0.0211 0.0224
0 0.3607 0.6796 0.0226 0.0287
0 0.2119 0.1061 0.0231 0.0279
2 0.2748 0.7473 0.0203 0.0190
2 0.2759 0.8794 0.0218 0.0209
0 0.2303 0.4693 0.0179 0.0230
1 0.3866 0.6796 0.0201 0.0221
9 0.3233 0.8790 0.0246 0.0227
1 0.3775 0.5392 0.0193 0.0232
0 0.2805 0.3971 0.0224 0.0199
9 0.3370 0.1056 0.0232 0.0274
8 0.2920 0.7478 0.0222 0.0198
5 0.1916 0.6780 0.0238 0.0286
0 0.2241 0.8130 0.0252 0.0292
0 0.2115 0.2519 0.0246 0.0277
8 0.2957 0.8149 0.0245 0.0186
1 0.3757 0.4702 0.0207 0.0304
