10 0.1975 0.6862 0.2190 0.0450
10 0.2053 0.4168 0.2153 0.0464
10 0.2092 0.2792 0.2229 0.0504
10 0.1978 0.5535 0.2050 0.0432
10 0.1980 0.8124 0.2059 0.0390
10 0.2271 0.2758 0.0939 0.0450
2 0.2511 0.6863 0.0287 0.0259
9 0.8558 0.5643 0.0229 0.0263
9 0.6912 0.8120 0.0225 0.0256
9 0.7138 0.8117 0.0225 0.0285
9 0.8435 0.6920 0.0195 0.0282
9 0.8281 0.8123 0.0200 0.0269
0 0.2305 0.2744 0.0248 0.0379
0 0.2264 0.5532 0.0266 0.0393
5 0.1074 0.6849 0.0277 0.0456
0 0.1353 0.2702 0.0247 0.0387
0 0.1595 0.1295 0.0304 0.0286
5 0.1091 0.2713 0.0243 0.0437
0 0.8356 0.5635 0.0261 0.0285
0 0.6399 0.5600 0.0288 0.0305
2 0.1852 0.2717 0.0269 0.0324
9 0.2033 0.9342 0.0267 0.0312
0 0.1310 0.6850 0.0267 0.0387
0 0.1536 0.8120 0.0283 0.0348
0 0.1565 0.9320 0.0246 0.0339
2 0.1853 0.1283 0.0338 0.0285
2 0.1786 0.5520 0.0313 0.0302
2 0.1773 0.4139 0.0305 0.0267
9 0.2101 0.1291 0.0296 0.0318
2 0.2463 0.9341 0.0250 0.0287
2 0.1768 0.6857 0.0306 0.0312
0 0.1557 0.4129 0.0269 0.0372
0 0.1302 0.5517 0.0264 0.0385
5 0.1089 0.4118 0.0241 0.0414
0 0.6092 0.6890 0.0187 0.0361
5 0.5926 0.6880 0.0163 0.0390
2 0.2508 0.5531 0.0312 0.0256
0 0.8250 0.6917 0.0221 0.0349
0 0.6379 0.6894 0.0224 0.0278
0 0.2712 0.6861 0.0273 0.0335
0 0.8085 0.8123 0.0254 0.0298
5 0.1075 0.5517 0.0270 0.0449
0 0.1576 0.2713 0.0274 0.0380
0 0.2257 0.9341 0.0248 0.0354
0 0.1542 0.5518 0.0297 0.0389
0 0.1299 0.8127 0.0250 0.0407
0 0.8430 0.4354 0.0279 0.0269
2 0.2527 0.4177 0.0300 0.0266
9 0.2010 0.8129 0.0260 0.0310
8 0.2783 0.4185 0.0320 0.0291
2 0.1752 0.8119 0.0310 0.0329
9 0.2457 0.8118 0.0287 0.0315
9 0.2084 0.2739 0.0248 0.0396
1 0.2750 0.5535 0.0291 0.0323
8 0.2790 0.2768 0.0273 0.0293
9 0.2065 0.4136 0.0252 0.0362
2 0.2541 0.2735 0.0279 0.0316
0 0.2254 0.6865 0.0258 0.0419
9 0.2051 0.5526 0.0267 0.0406
0 0.2240 0.8129 0.0271 0.0342
1 0.2900 0.8136 0.0292 0.0276
0 0.1307 0.4127 0.0239 0.0356
0 0.1537 0.6853 0.0296 0.0380
5 0.1097 0.8118 0.0224 0.0423
8 0.2291 0.4148 0.0250 0.0301
9 0.2034 0.6861 0.0252 0.0378
1 0.2938 0.6878 0.0252 0.0295
