10 0.5622 0.1100 0.5144 0.1871
10 0.5607 0.3572 0.5229 0.1814
10 0.5575 0.8265 0.5205 0.1737
10 0.5579 0.5907 0.5085 0.1783
5 0.3269 0.8157 0.0705 0.1676
0 0.3821 0.8181 0.0647 0.1878
2 0.7155 0.8201 0.0624 0.1897
0 0.4364 0.8176 0.0645 0.1840
5 0.3254 0.5792 0.0718 0.1733
0 0.3842 0.0955 0.0672 0.1947
5 0.3240 0.3405 0.0698 0.1723
5 0.7873 0.1105 0.0824 0.2066
7 0.6129 0.3536 0.0650 0.1876
0 0.3843 0.3428 0.0655 0.1808
3 0.4960 0.3464 0.0685 0.1611
3 0.4915 0.8187 0.0641 0.1762
8 0.6635 0.5905 0.0576 0.2225
2 0.7251 0.3542 0.0615 0.2055
5 0.3240 0.0953 0.0723 0.1753
7 0.5512 0.5877 0.0682 0.1925
0 0.3844 0.5812 0.0644 0.1790
0 0.4392 0.5834 0.0599 0.1800
3 0.4963 0.1031 0.0697 0.1666
3 0.4942 0.5840 0.0647 0.1642
8 0.6696 0.3541 0.0682 0.1960
8 0.6597 0.8231 0.0583 0.2045
7 0.5566 0.1060 0.0683 0.1896
5 0.7850 0.3491 0.0851 0.2148
0 0.4396 0.0959 0.0644 0.2003
8 0.6726 0.1093 0.0668 0.1920
2 0.7291 0.1112 0.0645 0.2030
7 0.5531 0.3516 0.0696 0.1884
0 0.4402 0.3453 0.0628 0.1857
