10 0.7211 0.6026 0.5329 0.1372
10 0.7303 0.2373 0.5244 0.1371
0 0.6706 0.6020 0.0611 0.1313
8 0.9401 0.5964 0.0658 0.1451
1 0.7905 0.2315 0.0548 0.1355
5 0.8965 0.2299 0.0690 0.1336
8 0.8392 0.2303 0.0663 0.1423
0 0.6234 0.2393 0.0640 0.1354
0 0.6125 0.6024 0.0629 0.1333
9 0.7276 0.5988 0.0647 0.1295
8 0.9559 0.2282 0.0697 0.1458
0 0.6816 0.2385 0.0650 0.1317
5 0.4974 0.6049 0.0643 0.1283
5 0.8816 0.5963 0.0641 0.1359
5 0.5070 0.2404 0.0642 0.1344
1 0.7787 0.5976 0.0532 0.1309
0 0.5554 0.6044 0.0621 0.1362
9 0.7432 0.2358 0.0631 0.1439
8 0.8261 0.5966 0.0635 0.1402
0 0.5649 0.2397 0.0649 0.1303
