10 0.2639 0.2492 0.5188 0.1318
10 0.2638 0.6044 0.4906 0.1370
8 0.3705 0.5975 0.0628 0.1317
0 0.2208 0.2497 0.0642 0.1325
8 0.4866 0.2461 0.0645 0.1383
0 0.1044 0.2503 0.0617 0.1337
5 0.4242 0.5976 0.0638 0.1242
9 0.2794 0.2488 0.0610 0.1434
0 0.2180 0.6039 0.0646 0.1309
8 0.4807 0.5968 0.0644 0.1393
5 0.0434 0.6077 0.0652 0.1251
5 0.4290 0.2469 0.0623 0.1272
1 0.3235 0.5982 0.0533 0.1271
0 0.1012 0.6068 0.0628 0.1270
9 0.2770 0.6020 0.0627 0.1402
0 0.1597 0.6054 0.0629 0.1255
8 0.3752 0.2467 0.0606 0.1385
0 0.1622 0.2495 0.0632 0.1253
5 0.0446 0.2501 0.0682 0.1291
1 0.3268 0.2460 0.0545 0.1281
