10 0.2735 0.2461 0.4996 0.1357
10 0.2694 0.6017 0.4829 0.1341
0 0.1743 0.2483 0.0610 0.1336
8 0.3747 0.5958 0.0602 0.1326
8 0.4855 0.5950 0.0642 0.1392
5 0.0503 0.6057 0.0658 0.1252
5 0.4444 0.2459 0.0590 0.1328
0 0.1655 0.6032 0.0656 0.1190
5 0.0554 0.2472 0.0666 0.1324
0 0.2239 0.6017 0.0670 0.1275
0 0.1084 0.6044 0.0624 0.1288
8 0.4984 0.2441 0.0646 0.1311
0 0.1163 0.2477 0.0642 0.1383
5 0.4284 0.5955 0.0628 0.1235
1 0.3295 0.5972 0.0546 0.1255
0 0.2319 0.2478 0.0656 0.1204
9 0.2821 0.5985 0.0634 0.1397
1 0.3417 0.2448 0.0518 0.1359
9 0.2914 0.2472 0.0658 0.1332
8 0.3869 0.2455 0.0645 0.1397
