10 0.5265 0.2429 0.5095 0.1350
10 0.5109 0.5978 0.4813 0.1393
0 0.4088 0.5987 0.0609 0.1310
0 0.4217 0.2454 0.0629 0.1349
8 0.6162 0.5938 0.0627 0.1354
5 0.6890 0.2395 0.0664 0.1302
8 0.6319 0.2396 0.0639 0.1299
8 0.7277 0.5924 0.0616 0.1365
0 0.4790 0.2449 0.0628 0.1318
0 0.3523 0.6022 0.0640 0.1303
8 0.7467 0.2374 0.0663 0.1409
9 0.5233 0.5974 0.0639 0.1373
0 0.3629 0.2452 0.0623 0.1308
5 0.6733 0.5933 0.0600 0.1276
1 0.5725 0.5954 0.0500 0.1301
5 0.2946 0.6026 0.0653 0.1299
1 0.5863 0.2401 0.0510 0.1268
0 0.4648 0.5983 0.0633 0.1232
5 0.3068 0.2460 0.0623 0.1337
9 0.5369 0.2428 0.0614 0.1399
