10 0.5313 0.2486 0.5021 0.1330
10 0.5266 0.5979 0.4887 0.1362
0 0.3732 0.2500 0.0594 0.1352
0 0.4869 0.2494 0.0630 0.1310
5 0.6925 0.2452 0.0638 0.1293
0 0.4253 0.6014 0.0642 0.1238
8 0.7421 0.5939 0.0636 0.1413
1 0.5862 0.5955 0.0500 0.1267
5 0.6863 0.5945 0.0640 0.1299
9 0.5382 0.5975 0.0599 0.1366
8 0.7492 0.2435 0.0639 0.1373
0 0.4295 0.2494 0.0616 0.1239
5 0.3140 0.6026 0.0632 0.1288
0 0.3691 0.6021 0.0584 0.1295
0 0.4810 0.5981 0.0609 0.1364
1 0.5911 0.2450 0.0534 0.1287
8 0.6318 0.5946 0.0626 0.1296
5 0.3174 0.2504 0.0647 0.1301
9 0.5449 0.2479 0.0596 0.1400
8 0.6390 0.2450 0.0611 0.1378
