10 0.4731 0.8492 0.4500 0.1294
10 0.4643 0.3272 0.4345 0.1279
0 0.3197 0.3243 0.0584 0.1210
0 0.3711 0.3256 0.0533 0.1207
0 0.6654 0.3273 0.0613 0.1086
0 0.6782 0.8479 0.0571 0.1228
9 0.5106 0.3250 0.0550 0.1215
2 0.6116 0.3267 0.0614 0.1190
0 0.3757 0.8482 0.0554 0.1227
1 0.4161 0.3267 0.0470 0.1155
9 0.5590 0.3246 0.0578 0.1197
0 0.4680 0.8490 0.0576 0.1187
2 0.6243 0.8483 0.0631 0.1197
9 0.5707 0.8461 0.0568 0.1216
0 0.3232 0.8482 0.0572 0.1235
0 0.4592 0.3277 0.0578 0.1185
5 0.2654 0.3252 0.0627 0.1082
5 0.2720 0.8484 0.0605 0.1189
1 0.4210 0.8486 0.0486 0.1150
9 0.5190 0.8467 0.0584 0.1237
