10 0.4358 0.9043 0.5687 0.1110
10 0.4418 0.5704 0.5551 0.1072
10 0.4517 0.2355 0.5841 0.1112
8 0.4500 0.5688 0.0730 0.1135
8 0.4604 0.2325 0.0686 0.1092
2 0.3978 0.2311 0.0711 0.1158
8 0.5762 0.5720 0.0697 0.1128
8 0.5643 0.9062 0.0703 0.1120
9 0.5249 0.2361 0.0762 0.1127
2 0.6542 0.2402 0.0764 0.1243
9 0.5029 0.9054 0.0705 0.1174
5 0.1861 0.8957 0.0740 0.1105
2 0.3895 0.5682 0.0761 0.1122
0 0.2694 0.2291 0.0677 0.1176
2 0.6396 0.5750 0.0724 0.1267
8 0.4394 0.9032 0.0710 0.1145
2 0.3788 0.9021 0.0743 0.1133
0 0.3141 0.8982 0.0702 0.1175
0 0.2499 0.8968 0.0687 0.1189
2 0.6262 0.9094 0.0765 0.1182
0 0.3242 0.5643 0.0684 0.1169
1 0.7027 0.5764 0.0637 0.1255
9 0.5152 0.5709 0.0724 0.1185
1 0.7142 0.2399 0.0666 0.1259
5 0.2059 0.2281 0.0675 0.1145
8 0.5871 0.2385 0.0747 0.1150
5 0.1939 0.5623 0.0742 0.1099
0 0.3348 0.2296 0.0670 0.1188
1 0.6940 0.9102 0.0752 0.1277
0 0.2584 0.5630 0.0690 0.1188
