5 0.2041 0.2277 0.0805 0.1034
0 0.2703 0.2292 0.0718 0.1063
0 0.3344 0.2302 0.0732 0.1066
2 0.3981 0.2329 0.0646 0.1106
8 0.4601 0.2334 0.0651 0.1092
9 0.5241 0.2364 0.0709 0.1089
8 0.5886 0.2381 0.0627 0.1109
2 0.6551 0.2418 0.0705 0.1145
1 0.7124 0.2431 0.0615 0.1156
5 0.1954 0.562 0.0729 0.1102
0 0.2603 0.5643 0.0653 0.1068
0 0.3255 0.5661 0.0668 0.108
2 0.3885 0.5694 0.0651 0.1094
8 0.4507 0.5698 0.0698 0.1052
9 0.514 0.5719 0.074 0.1155
8 0.5762 0.5731 0.0655 0.1115
2 0.641 0.5756 0.0712 0.1086
1 0.6996 0.5756 0.0675 0.1188
5 0.1862 0.8988 0.0717 0.1059
0 0.2503 0.8997 0.0657 0.1068
0 0.3139 0.9008 0.0653 0.1086
2 0.3781 0.9022 0.0685 0.1126
8 0.4413 0.9038 0.0667 0.1082
9 0.5027 0.9055 0.0702 0.1151
8 0.5659 0.9075 0.0645 0.1079
1 0.6889 0.9086 0.0643 0.1133
2 0.6297 0.9093 0.0699 0.1082
