10 0.2819 0.8922 0.2696 0.1064
10 0.2960 0.3084 0.2762 0.0996
10 0.2910 0.5980 0.2852 0.0985
10 0.2972 0.0298 0.2622 0.0589
8 0.2918 0.5967 0.0364 0.1009
0 0.2342 0.3023 0.0367 0.1001
0 0.2027 0.2985 0.0367 0.0955
0 0.2239 0.8850 0.0358 0.1017
8 0.3526 0.6012 0.0364 0.1018
1 0.4315 0.0316 0.0339 0.0649
8 0.3478 0.8902 0.0357 0.0989
2 0.3849 0.6028 0.0394 0.1065
2 0.2659 0.3038 0.0376 0.0934
2 0.3912 0.3109 0.0380 0.1014
9 0.3274 0.3068 0.0371 0.1014
1 0.4143 0.6034 0.0315 0.1035
8 0.2868 0.8874 0.0365 0.0996
8 0.3680 0.0294 0.0370 0.0572
2 0.4027 0.0316 0.0414 0.0669
0 0.2429 0.0272 0.0384 0.0522
2 0.2551 0.8864 0.0383 0.0994
2 0.3788 0.8930 0.0386 0.1014
9 0.3174 0.8884 0.0381 0.1079
9 0.3375 0.0289 0.0357 0.0572
1 0.4090 0.8941 0.0323 0.1025
8 0.3063 0.0296 0.0345 0.0525
0 0.2105 0.0264 0.0352 0.0506
8 0.3591 0.3080 0.0366 0.0986
0 0.2302 0.5946 0.0357 0.0990
0 0.1933 0.8818 0.0352 0.0990
2 0.2608 0.5958 0.0372 0.1005
5 0.1672 0.5921 0.0384 0.1048
5 0.1626 0.8809 0.0355 0.1004
9 0.3219 0.5980 0.0363 0.1066
2 0.2761 0.0299 0.0384 0.0544
5 0.1797 0.0246 0.0373 0.0501
8 0.2966 0.3049 0.0343 0.0985
5 0.1708 0.2976 0.0378 0.0984
1 0.4195 0.3113 0.0326 0.1013
0 0.1989 0.5934 0.0367 0.0992
